12000
9
10
11
12
15
23
23
28
29
32
32
32
33
46
50
52
55
63
63
67
69
70
78
78
80
82
85
87
89
89
90
90
94
103
104
111
120
123
123
128
129
132
139
140
143
145
151
155
156
157
160
161
161
162
165
165
166
168
168
174
174
178
178
180
185
185
186
188
191
197
198
205
206
210
213
215
218
227
229
231
235
242
244
245
246
248
250
252
261
267
272
275
278
281
283
283
285
285
289
294
294
296
297
303
305
305
306
307
308
310
310
311
319
323
332
335
336
338
351
351
352
354
354
358
359
360
362
364
366
366
367
367
370
383
387
388
391
391
392
395
395
401
404
408
409
412
422
423
430
438
439
449
451
451
458
466
468
469
476
478
482
484
485
487
491
491
492
498
502
507
516
523
527
536
546
556
569
575
576
576
578
581
583
587
587
587
588
589
593
594
596
600
606
607
611
611
611
618
618
619
623
632
632
637
637
641
642
648
649
650
650
651
653
653
657
660
665
666
666
668
669
671
672
673
676
680
681
682
683
685
689
690
695
698
702
703
705
707
713
714
716
716
720
721
726
726
727
727
731
740
743
744
744
745
746
750
753
766
768
778
779
784
791
796
797
798
799
799
799
801
801
802
804
812
813
816
817
817
818
820
821
825
827
828
829
830
830
831
837
838
842
845
848
848
850
854
855
855
857
866
870
873
874
877
884
890
898
898
901
903
904
904
904
905
906
912
914
918
919
919
923
924
925
926
927
939
940
941
942
944
946
947
947
948
950
952
955
963
965
966
970
970
977
977
977
979
983
985
985
989
990
992
995
997
999
1002
1004
1004
1004
1009
1012
1013
1015
1017
1018
1019
1021
1032
1035
1036
1036
1037
1037
1038
1040
1040
1041
1043
1044
1045
1049
1058
1060
1060
1069
1072
1074
1077
1077
1077
1079
1084
1088
1095
1098
1098
1100
1104
1109
1112
1114
1115
1116
1117
1121
1125
1130
1130
1131
1133
1136
1141
1146
1150
1152
1153
1157
1164
1165
1181
1181
1182
1182
1185
1187
1198
1199
1199
1201
1201
1205
1211
1215
1216
1217
1217
1218
1220
1223
1232
1233
1234
1235
1235
1239
1240
1243
1244
1244
1246
1249
1250
1252
1254
1254
1255
1256
1265
1267
1270
1272
1282
1284
1289
1292
1299
1299
1300
1310
1313
1317
1323
1323
1324
1325
1326
1329
1336
1343
1348
1352
1353
1353
1356
1359
1361
1363
1366
1368
1384
1385
1385
1388
1388
1391
1396
1396
1404
1416
1418
1418
1419
1420
1425
1426
1428
1437
1441
1443
1444
1448
1453
1455
1457
1458
1459
1460
1460
1461
1463
1463
1466
1469
1472
1473
1474
1474
1476
1477
1479
1481
1489
1499
1501
1503
1505
1506
1506
1506
1510
1522
1532
1533
1540
1542
1544
1544
1545
1546
1546
1547
1553
1554
1556
1556
1563
1564
1567
1573
1573
1574
1580
1581
1581
1584
1587
1589
1594
1594
1595
1596
1612
1614
1615
1617
1625
1632
1639
1644
1644
1647
1648
1652
1660
1666
1672
1675
1680
1684
1691
1692
1692
1693
1694
1695
1701
1701
1711
1714
1716
1720
1722
1723
1724
1726
1732
1735
1736
1737
1744
1754
1763
1766
1768
1768
1771
1771
1778
1783
1786
1793
1795
1796
1798
1802
1803
1807
1810
1822
1825
1826
1828
1828
1830
1831
1832
1836
1837
1839
1843
1849
1851
1851
1855
1858
1868
1870
1873
1878
1879
1880
1881
1885
1887
1888
1891
1893
1894
1895
1896
1907
1908
1913
1913
1915
1917
1920
1924
1925
1926
1933
1933
1936
1942
1945
1945
1946
1946
1948
1956
1963
1970
1973
1976
1977
1977
1981
1985
1986
1992
1996
1996
1996
1999
2003
2003
2003
2006
2007
2010
2011
2026
2027
2031
2033
2033
2037
2039
2042
2044
2047
2048
2054
2060
2060
2060
2065
2068
2078
2084
2086
2089
2095
2095
2099
2103
2106
2109
2111
2113
2118
2128
2129
2129
2134
2134
2142
2142
2143
2145
2159
2159
2160
2161
2163
2164
2165
2168
2171
2173
2174
2175
2175
2180
2183
2186
2186
2192
2194
2194
2194
2195
2201
2201
2202
2206
2207
2209
2209
2214
2220
2221
2224
2225
2226
2228
2230
2231
2231
2231
2233
2234
2239
2245
2248
2253
2255
2258
2260
2262
2263
2265
2266
2272
2272
2275
2277
2278
2288
2288
2296
2302
2307
2311
2318
2329
2330
2331
2338
2339
2342
2343
2346
2347
2349
2351
2358
2358
2359
2363
2367
2374
2375
2379
2379
2379
2380
2382
2385
2386
2387
2388
2391
2392
2393
2396
2397
2399
2405
2406
2407
2407
2412
2414
2416
2427
2428
2443
2447
2448
2460
2468
2469
2472
2477
2479
2479
2483
2485
2494
2497
2501
2503
2505
2506
2513
2519
2524
2527
2528
2528
2532
2539
2539
2541
2548
2548
2551
2551
2554
2554
2558
2560
2560
2562
2567
2569
2570
2571
2573
2576
2580
2585
2588
2588
2588
2589
2591
2591
2596
2598
2598
2599
2610
2613
2614
2614
2614
2616
2616
2618
2618
2620
2626
2628
2630
2630
2631
2633
2633
2636
2637
2639
2640
2643
2643
2646
2651
2652
2653
2654
2657
2661
2666
2666
2669
2673
2673
2674
2677
2682
2682
2682
2686
2686
2699
2711
2716
2719
2721
2724
2726
2730
2731
2733
2736
2737
2737
2741
2743
2744
2751
2756
2757
2758
2759
2762
2767
2769
2774
2775
2784
2789
2793
2795
2796
2805
2806
2812
2813
2821
2829
2829
2831
2832
2836
2842
2846
2846
2847
2851
2854
2859
2863
2863
2864
2873
2877
2879
2880
2881
2882
2887
2893
2895
2895
2897
2898
2902
2908
2909
2915
2916
2919
2921
2922
2926
2927
2928
2930
2933
2934
2943
2943
2943
2945
2948
2949
2952
2952
2952
2957
2958
2959
2960
2964
2964
2969
2971
2972
2977
2980
2981
2982
2983
2984
2986
2992
2996
2996
3003
3004
3004
3005
3005
3006
3007
3012
3014
3014
3015
3020
3027
3027
3031
3044
3051
3052
3054
3057
3057
3058
3063
3067
3072
3076
3082
3085
3086
3088
3095
3098
3098
3100
3101
3107
3113
3113
3115
3122
3123
3123
3127
3131
3137
3141
3143
3143
3146
3151
3152
3159
3160
3163
3167
3168
3171
3171
3174
3176
3180
3183
3185
3186
3190
3197
3205
3206
3207
3209
3214
3217
3220
3228
3232
3237
3238
3239
3240
3240
3246
3250
3255
3255
3257
3260
3262
3263
3263
3263
3264
3266
3266
3269
3275
3276
3278
3280
3283
3288
3292
3297
3298
3298
3304
3304
3305
3308
3308
3312
3313
3315
3317
3320
3323
3325
3326
3328
3331
3334
3338
3338
3340
3346
3346
3347
3347
3352
3356
3356
3360
3360
3362
3362
3365
3368
3374
3374
3383
3392
3396
3397
3397
3399
3400
3400
3402
3406
3407
3407
3409
3411
3416
3416
3420
3420
3433
3435
3436
3437
3440
3440
3454
3454
3462
3468
3473
3475
3481
3483
3497
3498
3508
3515
3517
3519
3522
3528
3529
3534
3536
3544
3545
3558
3560
3564
3569
3572
3572
3574
3575
3589
3589
3592
3592
3594
3595
3596
3597
3600
3609
3609
3609
3610
3612
3614
3616
3620
3622
3623
3623
3626
3626
3626
3629
3630
3634
3637
3639
3641
3644
3645
3649
3651
3652
3654
3661
3668
3676
3678
3679
3679
3682
3689
3691
3694
3699
3701
3705
3706
3708
3718
3719
3723
3725
3726
3726
3726
3728
3733
3733
3736
3738
3739
3740
3744
3746
3749
3754
3757
3761
3761
3761
3764
3766
3768
3770
3772
3773
3777
3778
3779
3780
3792
3793
3794
3794
3796
3797
3797
3797
3798
3798
3799
3800
3800
3801
3805
3806
3812
3813
3814
3815
3815
3819
3823
3823
3824
3825
3833
3841
3843
3843
3849
3854
3854
3855
3856
3857
3858
3859
3868
3868
3870
3870
3879
3879
3881
3884
3888
3890
3891
3895
3898
3899
3901
3902
3906
3908
3912
3916
3917
3919
3922
3929
3932
3938
3940
3942
3945
3948
3953
3954
3954
3955
3959
3962
3968
3968
3971
3971
3975
3975
3977
3979
3979
3980
3980
3985
3987
3988
3989
3992
3993
3995
3996
3997
3999
4001
4007
4011
4011
4011
4014
4018
4018
4020
4027
4027
4028
4031
4038
4039
4040
4041
4047
4052
4054
4054
4061
4066
4068
4070
4074
4077
4084
4086
4089
4090
4091
4092
4096
4100
4102
4104
4105
4107
4108
4109
4112
4114
4116
4117
4119
4120
4121
4122
4125
4125
4126
4126
4128
4130
4132
4132
4140
4146
4147
4148
4153
4153
4158
4162
4171
4173
4183
4186
4189
4194
4195
4198
4201
4205
4205
4210
4214
4217
4221
4226
4230
4234
4237
4238
4238
4241
4242
4246
4248
4259
4269
4273
4277
4280
4282
4283
4285
4285
4293
4293
4294
4295
4298
4299
4299
4306
4314
4314
4316
4317
4321
4335
4344
4348
4349
4355
4355
4356
4359
4360
4361
4361
4363
4366
4373
4376
4376
4381
4382
4386
4391
4392
4394
4396
4397
4398
4398
4405
4407
4412
4419
4424
4425
4428
4429
4429
4435
4437
4438
4438
4442
4443
4445
4450
4455
4457
4458
4460
4461
4463
4468
4470
4470
4473
4474
4475
4478
4482
4483
4486
4487
4492
4492
4495
4502
4504
4510
4515
4516
4516
4526
4533
4535
4542
4542
4544
4545
4546
4547
4548
4550
4550
4566
4566
4567
4570
4570
4579
4580
4582
4585
4591
4592
4597
4606
4606
4608
4610
4618
4622
4623
4630
4635
4642
4647
4654
4661
4661
4665
4673
4674
4684
4686
4687
4687
4690
4692
4697
4699
4701
4702
4702
4704
4706
4707
4709
4715
4721
4726
4727
4728
4729
4733
4734
4736
4736
4741
4743
4744
4744
4745
4748
4753
4757
4762
4767
4770
4773
4774
4776
4778
4779
4779
4784
4790
4791
4791
4795
4795
4797
4800
4803
4804
4811
4815
4818
4828
4829
4830
4836
4836
4837
4837
4837
4841
4843
4850
4850
4851
4851
4852
4854
4855
4856
4860
4863
4867
4868
4870
4875
4878
4878
4878
4879
4880
4880
4881
4885
4886
4888
4889
4891
4894
4894
4894
4896
4898
4905
4907
4910
4912
4917
4919
4928
4928
4929
4932
4937
4939
4945
4948
4949
4950
4951
4954
4956
4957
4960
4961
4963
4967
4968
4973
4975
4976
4979
4980
4980
4981
4982
4988
4989
4995
4999
5003
5006
5007
5008
5009
5010
5011
5012
5014
5019
5020
5021
5021
5024
5027
5031
5042
5043
5044
5045
5050
5050
5051
5054
5056
5058
5062
5062
5063
5065
5067
5068
5072
5072
5074
5084
5086
5088
5092
5093
5093
5094
5096
5103
5104
5104
5110
5112
5113
5118
5121
5122
5123
5126
5126
5131
5132
5132
5147
5154
5155
5159
5160
5164
5168
5172
5179
5182
5187
5189
5194
5194
5194
5199
5203
5204
5205
5208
5208
5212
5213
5217
5221
5221
5222
5224
5226
5233
5239
5245
5248
5257
5258
5259
5263
5263
5266
5272
5274
5276
5277
5278
5279
5282
5283
5285
5292
5299
5301
5304
5305
5308
5309
5310
5311
5314
5317
5317
5319
5321
5323
5338
5340
5342
5353
5354
5362
5363
5363
5366
5367
5368
5370
5371
5371
5373
5378
5383
5385
5387
5389
5390
5391
5392
5392
5394
5394
5398
5403
5403
5406
5421
5426
5430
5430
5433
5436
5438
5441
5447
5451
5458
5458
5460
5461
5463
5465
5468
5472
5473
5474
5475
5475
5477
5485
5493
5495
5497
5501
5505
5509
5512
5515
5518
5521
5527
5528
5528
5536
5537
5540
5541
5542
5543
5544
5546
5557
5559
5566
5566
5569
5575
5575
5576
5583
5585
5587
5588
5589
5592
5593
5598
5606
5608
5610
5613
5614
5616
5617
5622
5622
5631
5633
5636
5640
5645
5646
5648
5655
5657
5662
5667
5669
5669
5670
5670
5675
5676
5678
5681
5687
5687
5693
5695
5696
5696
5696
5698
5702
5703
5707
5712
5713
5713
5716
5724
5727
5730
5731
5742
5744
5745
5751
5751
5755
5756
5757
5757
5762
5765
5767
5770
5772
5773
5776
5778
5793
5795
5799
5800
5800
5808
5809
5812
5817
5819
5829
5836
5841
5844
5844
5853
5858
5859
5865
5867
5870
5877
5878
5881
5882
5889
5890
5891
5894
5894
5895
5895
5895
5896
5897
5900
5903
5904
5906
5908
5910
5912
5913
5916
5921
5923
5924
5924
5928
5930
5934
5936
5937
5937
5941
5944
5945
5948
5950
5953
5959
5960
5961
5961
5961
5961
5964
5967
5968
5974
5980
5982
5989
5989
5993
6002
6002
6003
6003
6004
6005
6010
6010
6012
6014
6015
6019
6024
6026
6048
6051
6051
6056
6057
6060
6062
6064
6067
6067
6075
6078
6083
6083
6092
6094
6095
6097
6103
6104
6106
6106
6110
6114
6116
6122
6125
6129
6136
6137
6141
6142
6143
6144
6150
6153
6154
6155
6159
6164
6167
6167
6168
6172
6175
6176
6182
6184
6190
6190
6192
6192
6195
6209
6210
6211
6213
6216
6216
6217
6220
6221
6222
6222
6224
6225
6231
6234
6234
6236
6244
6247
6247
6253
6253
6254
6255
6261
6261
6264
6265
6266
6275
6275
6277
6282
6282
6284
6290
6291
6293
6294
6296
6300
6301
6301
6305
6309
6318
6319
6320
6321
6322
6322
6325
6328
6329
6330
6331
6333
6333
6333
6334
6335
6336
6339
6346
6348
6348
6349
6354
6356
6361
6364
6365
6366
6368
6368
6368
6369
6369
6370
6373
6373
6375
6378
6379
6382
6388
6389
6389
6389
6389
6389
6393
6396
6399
6400
6401
6402
6402
6403
6404
6407
6411
6411
6413
6414
6415
6419
6421
6422
6425
6426
6428
6434
6434
6437
6438
6442
6443
6444
6456
6457
6458
6459
6464
6470
6471
6471
6473
6474
6477
6485
6486
6487
6487
6488
6492
6495
6497
6498
6498
6499
6501
6506
6508
6510
6516
6517
6519
6520
6521
6525
6534
6538
6538
6541
6543
6546
6546
6548
6553
6553
6563
6564
6564
6567
6576
6579
6582
6583
6585
6594
6599
6603
6606
6607
6607
6608
6609
6609
6624
6631
6644
6645
6647
6647
6647
6649
6650
6650
6655
6658
6660
6661
6662
6662
6664
6665
6667
6669
6678
6683
6684
6685
6686
6688
6690
6692
6696
6703
6704
6708
6708
6708
6709
6710
6710
6715
6726
6727
6733
6736
6740
6744
6745
6749
6750
6750
6752
6755
6756
6757
6759
6760
6765
6768
6769
6771
6772
6774
6775
6776
6776
6783
6791
6792
6796
6802
6804
6805
6806
6809
6810
6819
6820
6829
6830
6831
6838
6842
6843
6844
6846
6850
6853
6858
6862
6872
6874
6877
6880
6881
6881
6881
6886
6886
6888
6894
6895
6901
6902
6908
6908
6909
6911
6911
6914
6915
6924
6927
6929
6930
6933
6936
6937
6941
6942
6944
6945
6946
6949
6949
6956
6965
6966
6967
6971
6985
6985
6985
6986
6986
6993
6995
7003
7004
7006
7008
7009
7012
7013
7021
7023
7025
7030
7031
7033
7036
7039
7040
7044
7049
7050
7052
7053
7054
7057
7058
7060
7061
7061
7063
7066
7071
7072
7073
7082
7083
7085
7090
7097
7100
7102
7107
7108
7109
7116
7118
7119
7123
7126
7129
7130
7134
7134
7138
7140
7148
7149
7156
7157
7158
7158
7158
7159
7165
7175
7179
7182
7190
7193
7196
7197
7200
7203
7204
7205
7219
7220
7224
7227
7235
7236
7237
7244
7247
7249
7254
7255
7257
7257
7261
7263
7272
7273
7275
7276
7278
7279
7281
7281
7284
7288
7289
7305
7308
7309
7310
7314
7315
7320
7322
7326
7332
7335
7337
7337
7338
7339
7345
7345
7345
7353
7354
7356
7357
7357
7364
7365
7368
7370
7373
7375
7377
7384
7385
7388
7388
7389
7395
7399
7400
7400
7402
7406
7408
7411
7413
7419
7423
7424
7428
7428
7429
7430
7433
7434
7435
7438
7445
7448
7448
7449
7457
7468
7468
7468
7468
7469
7471
7474
7476
7477
7477
7479
7480
7482
7484
7487
7487
7489
7491
7492
7496
7508
7510
7511
7513
7514
7516
7516
7516
7518
7519
7520
7527
7528
7530
7531
7534
7535
7537
7548
7548
7549
7554
7562
7562
7563
7564
7567
7569
7575
7575
7575
7577
7580
7584
7586
7586
7588
7592
7593
7595
7596
7599
7600
7604
7607
7608
7610
7610
7621
7627
7627
7631
7636
7636
7636
7643
7645
7648
7650
7650
7652
7661
7661
7664
7667
7668
7672
7673
7675
7675
7675
7680
7680
7682
7682
7683
7689
7693
7693
7700
7702
7704
7707
7708
7709
7710
7711
7720
7723
7729
7737
7738
7741
7747
7749
7755
7757
7757
7761
7765
7769
7770
7775
7775
7780
7784
7785
7791
7791
7797
7799
7803
7804
7805
7805
7807
7810
7814
7815
7817
7819
7820
7820
7823
7825
7826
7829
7832
7837
7840
7841
7842
7843
7844
7846
7847
7853
7853
7854
7860
7863
7864
7873
7874
7874
7874
7886
7886
7887
7888
7891
7897
7897
7900
7900
7901
7902
7906
7907
7912
7912
7913
7913
7916
7917
7924
7925
7931
7932
7936
7937
7938
7938
7939
7942
7946
7949
7950
7955
7956
7959
7960
7961
7962
7965
7967
7969
7970
7973
7973
7974
7975
7976
7978
7979
7981
7984
7990
7991
7993
7995
7995
7996
7998
8004
8006
8009
8009
8013
8016
8016
8016
8020
8022
8022
8025
8028
8031
8032
8035
8039
8041
8046
8049
8051
8051
8052
8054
8054
8061
8062
8071
8080
8080
8080
8083
8083
8084
8093
8095
8096
8100
8106
8110
8111
8115
8118
8118
8122
8130
8131
8135
8139
8141
8144
8148
8151
8154
8157
8166
8167
8170
8175
8176
8176
8178
8184
8188
8191
8194
8197
8197
8198
8198
8204
8205
8206
8206
8208
8209
8215
8215
8216
8218
8218
8220
8223
8234
8236
8245
8246
8248
8252
8252
8254
8259
8261
8263
8272
8275
8275
8278
8278
8280
8282
8285
8289
8290
8294
8298
8298
8304
8308
8309
8315
8315
8321
8321
8325
8328
8338
8343
8350
8351
8355
8357
8359
8360
8363
8363
8371
8372
8373
8377
8377
8381
8388
8389
8390
8391
8393
8398
8402
8404
8411
8418
8419
8420
8425
8427
8427
8428
8428
8435
8439
8439
8439
8439
8441
8445
8451
8452
8456
8456
8457
8458
8460
8471
8477
8484
8487
8488
8490
8491
8492
8494
8497
8500
8500
8502
8504
8504
8506
8507
8509
8509
8511
8514
8515
8517
8518
8519
8519
8520
8520
8521
8523
8523
8526
8528
8529
8531
8535
8537
8540
8540
8547
8548
8554
8554
8557
8557
8563
8567
8568
8570
8571
8572
8573
8576
8579
8581
8589
8590
8593
8596
8598
8599
8601
8604
8605
8607
8615
8616
8617
8618
8620
8622
8626
8626
8627
8629
8631
8631
8633
8637
8637
8642
8644
8646
8648
8649
8652
8656
8657
8658
8675
8685
8687
8690
8691
8691
8692
8694
8694
8700
8703
8704
8704
8707
8709
8710
8712
8712
8713
8717
8718
8724
8726
8727
8729
8729
8730
8734
8736
8737
8738
8739
8740
8742
8743
8749
8749
8756
8758
8760
8761
8763
8764
8767
8776
8777
8780
8788
8790
8793
8795
8795
8798
8799
8800
8802
8807
8810
8818
8819
8820
8821
8822
8822
8830
8831
8831
8833
8839
8840
8841
8842
8847
8855
8858
8866
8866
8866
8866
8870
8871
8877
8878
8878
8880
8883
8885
8890
8894
8900
8905
8906
8907
8908
8910
8911
8912
8914
8918
8919
8919
8923
8924
8925
8934
8937
8939
8946
8946
8949
8951
8953
8954
8956
8968
8969
8973
8983
8985
8992
8992
8992
8994
9000
9004
9004
9010
9012
9014
9016
9017
9021
9030
9031
9032
9034
9035
9037
9040
9043
9043
9044
9047
9048
9049
9050
9060
9062
9063
9068
9068
9070
9071
9078
9080
9080
9081
9085
9088
9093
9095
9097
9099
9108
9110
9112
9112
9116
9118
9123
9123
9127
9136
9136
9138
9139
9140
9141
9142
9144
9152
9152
9156
9159
9160
9171
9174
9175
9178
9179
9180
9186
9187
9187
9189
9194
9194
9197
9200
9201
9203
9208
9211
9212
9215
9217
9218
9231
9235
9236
9243
9244
9244
9245
9250
9252
9253
9257
9257
9260
9266
9267
9268
9271
9274
9275
9280
9283
9283
9285
9285
9285
9285
9289
9291
9294
9301
9301
9304
9305
9312
9312
9319
9320
9322
9332
9332
9336
9338
9343
9344
9345
9347
9350
9353
9354
9360
9363
9367
9367
9372
9372
9373
9374
9381
9387
9388
9393
9396
9397
9402
9403
9412
9416
9416
9419
9423
9424
9424
9425
9430
9442
9446
9447
9448
9450
9455
9456
9456
9457
9459
9460
9461
9464
9464
9467
9468
9470
9474
9475
9476
9476
9476
9484
9486
9487
9490
9501
9507
9507
9511
9513
9515
9516
9516
9524
9525
9526
9527
9528
9530
9531
9532
9533
9536
9539
9543
9546
9548
9550
9551
9551
9555
9555
9562
9564
9565
9568
9570
9574
9576
9578
9579
9580
9580
9583
9584
9585
9586
9586
9587
9587
9592
9593
9597
9599
9601
9601
9601
9604
9604
9605
9611
9611
9611
9613
9614
9616
9624
9624
9627
9628
9633
9635
9639
9639
9640
9641
9645
9646
9647
9651
9660
9663
9666
9666
9670
9671
9671
9673
9675
9675
9677
9686
9688
9688
9689
9689
9691
9695
9696
9696
9700
9700
9712
9719
9723
9723
9724
9730
9731
9736
9737
9740
9741
9748
9749
9749
9750
9752
9752
9757
9759
9760
9769
9777
9779
9779
9782
9786
9786
9789
9790
9793
9794
9794
9794
9797
9804
9806
9807
9807
9809
9820
9827
9830
9831
9836
9839
9842
9844
9845
9849
9853
9855
9855
9857
9857
9858
9859
9863
9865
9865
9870
9872
9873
9887
9892
9897
9898
9901
9904
9906
9907
9908
9910
9911
9911
9915
9915
9917
9918
9918
9918
9919
9919
9921
9927
9927
9932
9937
9937
9938
9940
9941
9944
9949
9949
9949
9949
9951
9953
9955
9962
9963
9964
9971
9971
9973
9979
9981
9989
9991
9992
9998
10000
10009
10010
10014
10017
10017
10018
10018
10021
10023
10024
10027
10032
10034
10035
10035
10037
10038
10041
10041
10044
10048
10051
10051
10052
10052
10053
10057
10061
10068
10077
10078
10079
10081
10083
10086
10094
10096
10097
10105
10107
10108
10110
10110
10116
10116
10118
10119
10122
10123
10124
10126
10126
10132
10135
10140
10144
10148
10154
10159
10159
10161
10161
10162
10162
10167
10170
10172
10175
10178
10178
10180
10182
10185
10185
10199
10200
10203
10209
10210
10211
10214
10217
10223
10223
10223
10223
10224
10225
10228
10230
10232
10233
10235
10238
10242
10243
10248
10248
10250
10250
10250
10254
10258
10259
10267
10268
10270
10271
10272
10273
10276
10279
10279
10280
10291
10296
10297
10298
10302
10303
10304
10306
10309
10315
10317
10322
10325
10334
10336
10344
10344
10346
10347
10350
10351
10355
10356
10358
10359
10366
10368
10371
10375
10376
10382
10383
10385
10390
10394
10394
10394
10397
10398
10398
10399
10401
10404
10406
10411
10411
10414
10415
10419
10425
10433
10434
10435
10440
10442
10442
10444
10444
10449
10451
10451
10453
10457
10458
10458
10459
10463
10463
10463
10467
10471
10471
10482
10482
10488
10489
10496
10497
10518
10518
10519
10520
10521
10522
10524
10524
10529
10533
10542
10545
10550
10552
10553
10555
10558
10566
10567
10570
10573
10575
10579
10580
10589
10590
10594
10601
10602
10602
10607
10608
10611
10615
10618
10621
10621
10624
10624
10625
10628
10628
10632
10635
10635
10640
10642
10644
10647
10647
10648
10649
10651
10651
10655
10655
10656
10657
10660
10665
10665
10667
10673
10674
10675
10676
10677
10681
10686
10690
10694
10694
10698
10699
10699
10704
10707
10710
10711
10717
10720
10725
10726
10727
10730
10733
10734
10734
10735
10737
10739
10741
10742
10747
10749
10760
10764
10765
10766
10769
10781
10783
10785
10791
10793
10797
10803
10803
10807
10809
10810
10811
10815
10815
10818
10819
10821
10822
10823
10827
10828
10837
10837
10840
10845
10847
10848
10849
10849
10852
10854
10856
10868
10871
10881
10882
10882
10883
10883
10883
10887
10889
10891
10892
10893
10894
10896
10901
10902
10905
10907
10912
10915
10916
10920
10921
10925
10925
10930
10932
10937
10945
10953
10954
10957
10970
10972
10973
10975
10978
10978
10982
10988
11001
11004
11011
11017
11017
11018
11025
11025
11025
11028
11030
11033
11034
11034
11035
11035
11037
11037
11043
11046
11047
11049
11050
11057
11058
11059
11059
11059
11061
11067
11069
11071
11073
11078
11078
11080
11080
11081
11086
11086
11088
11089
11091
11091
11092
11095
11097
11098
11099
11099
11102
11105
11106
11112
11113
11118
11119
11120
11121
11123
11125
11125
11129
11130
11132
11134
11136
11136
11144
11145
11149
11149
11149
11155
11156
11156
11158
11160
11166
11171
11171
11175
11176
11178
11182
11187
11188
11190
11190
11191
11193
11200
11207
11208
11218
11222
11223
11224
11226
11229
11229
11231
11239
11240
11241
11248
11252
11256
11271
11272
11275
11279
11279
11283
11285
11285
11290
11297
11298
11305
11310
11311
11314
11318
11322
11324
11330
11331
11331
11331
11336
11336
11340
11345
11345
11347
11348
11350
11357
11366
11366
11368
11370
11372
11373
11373
11374
11374
11376
11377
11377
11379
11382
11389
11391
11402
11405
11405
11412
11413
11420
11425
11426
11427
11428
11430
11431
11431
11437
11439
11441
11443
11444
11448
11449
11451
11454
11461
11464
11466
11470
11471
11473
11474
11479
11480
11481
11482
11484
11485
11489
11491
11493
11494
11495
11496
11501
11501
11505
11509
11511
11517
11520
11522
11528
11530
11535
11541
11543
11557
11559
11561
11561
11561
11565
11566
11574
11575
11578
11582
11587
11587
11589
11598
11599
11600
11601
11606
11606
11613
11613
11614
11614
11626
11627
11627
11631
11635
11637
11639
11640
11641
11642
11643
11645
11645
11651
11651
11652
11654
11655
11656
11657
11658
11664
11676
11686
11688
11689
11690
11695
11698
11701
11701
11705
11706
11706
11709
11718
11720
11721
11722
11722
11726
11728
11729
11729
11732
11734
11735
11738
11742
11743
11747
11748
11752
11752
11755
11763
11764
11764
11768
11771
11772
11772
11772
11772
11775
11775
11780
11785
11792
11795
11796
11796
11811
11814
11817
11823
11824
11825
11832
11833
11837
11838
11841
11851
11858
11862
11865
11866
11867
11870
11871
11876
11881
11881
11890
11899
11901
11905
11905
11916
11921
11923
11926
11929
11931
11931
11935
11937
11939
11940
11942
11949
11951
11955
11955
11957
11958
11959
11960
11962
11963
11964
11965
11967
11970
11975
11979
11980
11982
11985
11987
11988
11990
11991
11994
11996
11996
11999
11999
12001
12010
12022
12028
12028
12031
12033
12033
12035
12035
12035
12036
12042
12043
12044
12045
12051
12052
12058
12060
12063
12072
12075
12078
12082
12087
12102
12103
12110
12112
12112
12114
12116
12118
12119
12120
12121
12122
12123
12126
12132
12135
12135
12135
12146
12148
12149
12150
12152
12152
12155
12157
12158
12158
12161
12164
12165
12167
12168
12170
12179
12181
12183
12183
12192
12193
12193
12194
12195
12199
12201
12201
12204
12205
12207
12209
12209
12210
12212
12215
12215
12215
12218
12220
12224
12230
12231
12231
12232
12237
12239
12240
12244
12248
12252
12253
12258
12261
12262
12265
12266
12266
12268
12270
12275
12277
12278
12280
12281
12282
12283
12286
12289
12293
12294
12295
12297
12301
12303
12306
12315
12315
12315
12317
12319
12320
12321
12322
12327
12328
12330
12331
12336
12336
12338
12338
12340
12341
12343
12343
12344
12355
12355
12356
12356
12357
12357
12359
12360
12362
12367
12369
12372
12376
12377
12382
12386
12386
12390
12392
12397
12400
12405
12406
12406
12411
12411
12415
12417
12418
12423
12424
12425
12425
12428
12429
12432
12432
12432
12432
12435
12435
12442
12444
12450
12452
12460
12460
12462
12465
12466
12471
12476
12478
12482
12487
12489
12490
12491
12493
12493
12494
12497
12498
12498
12501
12502
12510
12517
12517
12520
12523
12524
12525
12525
12527
12528
12532
12533
12534
12534
12534
12535
12536
12542
12543
12545
12549
12550
12555
12559
12563
12565
12573
12575
12582
12585
12586
12589
12590
12590
12595
12597
12600
12600
12602
12604
12612
12619
12621
12625
12633
12640
12646
12647
12654
12656
12658
12663
12665
12665
12666
12667
12671
12671
12672
12673
12675
12676
12679
12680
12689
12695
12697
12698
12700
12705
12710
12711
12714
12714
12718
12723
12726
12730
12732
12734
12735
12738
12745
12746
12748
12749
12750
12759
12759
12759
12762
12762
12764
12768
12778
12781
12781
12782
12783
12784
12785
12787
12790
12792
12793
12796
12801
12801
12804
12808
12808
12808
12810
12810
12813
12824
12830
12834
12840
12842
12846
12849
12855
12857
12862
12863
12875
12876
12877
12878
12881
12881
12886
12891
12898
12903
12906
12906
12907
12910
12913
12914
12928
12929
12930
12932
12936
12944
12944
12946
12948
12955
12959
12959
12964
12965
12966
12968
12968
12970
12971
12974
12980
12982
12982
12984
12993
12997
13002
13003
13005
13006
13009
13011
13015
13018
13020
13023
13034
13042
13043
13046
13046
13048
13050
13052
13052
13055
13057
13058
13058
13062
13064
13066
13067
13073
13079
13080
13080
13081
13082
13085
13085
13086
13089
13093
13095
13098
13100
13102
13104
13106
13107
13109
13110
13111
13112
13113
13114
13115
13116
13119
13121
13122
13124
13125
13127
13128
13129
13132
13137
13138
13140
13153
13153
13154
13157
13161
13163
13164
13164
13166
13166
13167
13169
13171
13172
13173
13173
13173
13174
13176
13179
13187
13188
13193
13197
13201
13202
13204
13204
13208
13210
13210
13216
13216
13218
13223
13225
13226
13232
13232
13233
13239
13240
13240
13244
13245
13245
13254
13257
13258
13260
13264
13273
13277
13280
13282
13282
13283
13290
13291
13298
13298
13301
13302
13303
13305
13325
13329
13331
13338
13347
13348
13348
13349
13354
13356
13357
13362
13364
13368
13389
13392
13393
13397
13399
13400
13401
13402
13403
13404
13404
13407
13410
13416
13419
13420
13420
13424
13424
13425
13425
13427
13428
13428
13431
13431
13438
13440
13441
13445
13448
13449
13450
13452
13453
13454
13461
13463
13464
13465
13466
13467
13473
13480
13482
13488
13490
13494
13497
13499
13503
13505
13507
13508
13511
13511
13514
13516
13516
13531
13536
13540
13541
13541
13541
13547
13550
13551
13552
13556
13563
13566
13574
13576
13577
13579
13579
13582
13582
13583
13584
13590
13592
13594
13598
13599
13603
13606
13607
13608
13610
13613
13614
13616
13616
13617
13624
13629
13630
13631
13632
13633
13638
13639
13640
13640
13640
13640
13643
13648
13650
13651
13676
13683
13686
13687
13689
13691
13695
13698
13698
13702
13704
13711
13713
13713
13719
13719
13719
13720
13726
13726
13726
13730
13738
13738
13740
13740
13741
13741
13742
13744
13746
13747
13751
13755
13758
13758
13759
13762
13763
13764
13766
13768
13769
13771
13774
13780
13780
13781
13782
13788
13790
13790
13790
13794
13796
13801
13802
13812
13813
13815
13818
13818
13826
13829
13832
13840
13841
13844
13845
13845
13851
13852
13859
13862
13865
13868
13873
13873
13874
13875
13877
13879
13883
13885
13890
13893
13894
13900
13902
13903
13903
13904
13904
13910
13912
13913
13915
13917
13918
13919
13921
13922
13925
13928
13933
13936
13949
13951
13955
13958
13959
13965
13966
13966
13972
13974
13977
13980
13981
13984
13985
13985
13985
13987
13988
13989
13989
13992
13992
13992
13993
13995
13997
13998
13998
14000
14003
14006
14008
14009
14010
14010
14012
14017
14019
14027
14029
14031
14031
14033
14035
14040
14041
14042
14045
14046
14047
14047
14048
14049
14053
14053
14054
14056
14058
14058
14059
14061
14063
14064
14075
14077
14087
14087
14087
14088
14089
14093
14098
14101
14102
14106
14109
14115
14115
14119
14119
14120
14122
14123
14128
14134
14137
14139
14142
14142
14144
14145
14145
14150
14152
14159
14163
14165
14165
14169
14169
14176
14180
14182
14184
14188
14197
14197
14204
14206
14209
14211
14218
14218
14219
14220
14220
14222
14224
14225
14227
14231
14232
14232
14234
14245
14247
14254
14258
14260
14260
14265
14268
14274
14279
14281
14282
14283
14284
14286
14289
14289
14290
14291
14293
14298
14299
14308
14311
14314
14316
14316
14319
14325
14327
14329
14332
14334
14337
14342
14346
14349
14349
14351
14354
14354
14355
14356
14361
14362
14363
14364
14367
14375
14376
14378
14381
14383
14386
14387
14387
14388
14388
14396
14398
14400
14402
14403
14403
14405
14406
14406
14410
14411
14411
14424
14426
14431
14431
14435
14436
14436
14436
14439
14442
14442
14443
14444
14445
14447
14449
14454
14456
14462
14462
14465
14473
14478
14478
14482
14486
14487
14490
14490
14490
14494
14495
14502
14504
14507
14510
14511
14513
14514
14515
14517
14519
14523
14525
14527
14529
14533
14535
14535
14543
14550
14550
14553
14553
14554
14559
14559
14560
14560
14566
14568
14569
14569
14569
14572
14573
14578
14585
14585
14585
14586
14587
14591
14591
14592
14595
14595
14598
14601
14610
14610
14613
14613
14615
14616
14631
14634
14637
14638
14639
14644
14648
14651
14654
14659
14661
14662
14677
14677
14679
14680
14681
14690
14690
14695
14697
14699
14706
14707
14708
14709
14714
14714
14725
14727
14734
14736
14741
14744
14744
14745
14749
14752
14757
14759
14761
14764
14766
14766
14769
14774
14777
14781
14785
14788
14790
14792
14793
14793
14797
14798
14799
14801
14802
14804
14809
14809
14811
14814
14817
14817
14819
14820
14824
14826
14829
14830
14831
14835
14837
14837
14838
14839
14840
14844
14845
14851
14851
14853
14860
14861
14866
14867
14869
14872
14876
14877
14880
14881
14882
14882
14891
14894
14899
14912
14913
14917
14930
14930
14932
14932
14942
14946
14947
14951
14958
14959
14965
14968
14968
14971
14977
14981
14986
14988
14994
14998
14998
15000
15003
15004
15007
15010
15011
15012
15021
15021
15022
15024
15024
15028
15028
15030
15030
15042
15046
15051
15051
15054
15058
15059
15063
15066
15071
15071
15072
15074
15084
15086
15087
15089
15090
15092
15093
15095
15097
15099
15101
15105
15105
15107
15109
15112
15120
15121
15123
15128
15130
15131
15134
15136
15138
15143
15147
15148
15149
15157
15157
15162
15163
15164
15165
15165
15166
15168
15171
15172
15175
15178
15179
15183
15186
15193
15197
15200
15208
15212
15218
15220
15221
15222
15225
15226
15227
15227
15227
15228
15228
15244
15244
15249
15250
15251
15251
15253
15257
15258
15260
15260
15279
15287
15290
15290
15295
15295
15297
15299
15302
15305
15308
15315
15319
15319
15323
15325
15329
15330
15334
15335
15337
15337
15337
15338
15341
15342
15350
15350
15363
15368
15369
15369
15376
15377
15377
15380
15381
15381
15386
15387
15387
15389
15392
15394
15397
15398
15400
15401
15408
15411
15411
15411
15412
15415
15419
15421
15421
15422
15430
15441
15443
15445
15445
15451
15456
15458
15464
15466
15468
15469
15473
15473
15474
15476
15476
15476
15479
15484
15485
15486
15487
15490
15491
15495
15495
15498
15499
15507
15508
15509
15513
15513
15520
15521
15530
15531
15532
15532
15533
15539
15539
15546
15547
15550
15555
15561
15564
15571
15573
15574
15580
15580
15584
15586
15595
15597
15598
15599
15602
15604
15605
15606
15611
15614
15616
15624
15628
15633
15639
15641
15646
15648
15649
15649
15653
15653
15655
15655
15661
15665
15666
15668
15668
15668
15674
15674
15675
15677
15679
15682
15684
15686
15686
15687
15690
15695
15696
15698
15699
15705
15706
15707
15708
15709
15716
15718
15719
15720
15724
15724
15725
15731
15734
15739
15746
15747
15748
15749
15752
15754
15755
15757
15757
15764
15767
15771
15772
15778
15779
15781
15783
15784
15785
15787
15788
15798
15801
15801
15802
15804
15805
15807
15808
15815
15822
15822
15836
15837
15841
15842
15843
15844
15846
15849
15851
15852
15853
15857
15858
15859
15860
15860
15862
15863
15869
15870
15879
15879
15887
15887
15887
15891
15898
15900
15901
15902
15906
15907
15911
15914
15916
15917
15918
15919
15920
15922
15924
15925
15927
15928
15928
15932
15934
15935
15937
15938
15939
15940
15942
15943
15946
15947
15948
15950
15951
15953
15954
15956
15956
15961
15961
15963
15964
15968
15975
15976
15981
15983
15984
15990
15990
15997
15997
15998
15999
16002
16004
16004
16019
16020
16021
16021
16026
16026
16035
16041
16042
16043
16049
16050
16056
16057
16064
16066
16069
16070
16084
16085
16088
16093
16095
16107
16108
16110
16110
16114
16115
16118
16126
16126
16138
16139
16140
16141
16144
16145
16146
16150
16157
16158
16159
16163
16163
16169
16172
16174
16178
16179
16180
16182
16183
16184
16190
16193
16195
16198
16198
16204
16205
16210
16212
16212
16213
16217
16220
16221
16226
16226
16227
16230
16231
16233
16238
16239
16239
16241
16249
16250
16252
16254
16255
16258
16260
16260
16261
16268
16270
16273
16274
16279
16281
16282
16282
16282
16293
16295
16300
16309
16315
16317
16319
16319
16320
16324
16329
16330
16331
16331
16334
16339
16340
16344
16350
16355
16356
16359
16364
16365
16366
16368
16368
16376
16376
16378
16382
16385
16385
16387
16387
16388
16391
16391
16392
16394
16394
16397
16399
16401
16404
16405
16411
16414
16419
16422
16427
16428
16428
16429
16432
16433
16434
16439
16439
16440
16440
16445
16458
16462
16463
16465
16469
16484
16485
16487
16494
16497
16497
16501
16501
16506
16508
16513
16515
16517
16522
16528
16529
16530
16534
16537
16542
16545
16548
16548
16550
16551
16551
16554
16554
16555
16555
16559
16567
16571
16572
16573
16573
16575
16576
16577
16580
16581
16584
16584
16586
16588
16594
16597
16601
16605
16607
16611
16612
16613
16621
16623
16630
16630
16630
16632
16632
16632
16638
16638
16642
16643
16645
16646
16650
16650
16651
16651
16661
16663
16664
16668
16669
16675
16678
16685
16686
16688
16689
16689
16690
16693
16696
16698
16698
16700
16702
16704
16704
16710
16716
16717
16718
16719
16719
16722
16725
16726
16727
16733
16736
16738
16743
16746
16748
16749
16750
16755
16762
16776
16777
16778
16779
16782
16783
16784
16784
16785
16787
16796
16800
16800
16803
16804
16806
16809
16809
16810
16817
16818
16818
16824
16827
16829
16831
16831
16832
16836
16836
16841
16841
16844
16846
16847
16848
16851
16852
16855
16856
16863
16864
16865
16867
16869
16871
16871
16871
16874
16876
16879
16879
16882
16882
16883
16883
16887
16889
16890
16890
16890
16891
16893
16896
16900
16908
16916
16917
16919
16919
16920
16922
16923
16924
16924
16925
16927
16930
16931
16933
16933
16934
16936
16940
16941
16943
16943
16947
16947
16949
16952
16952
16953
16954
16955
16956
16956
16956
16960
16961
16961
16962
16973
16978
16979
16983
16988
16989
17003
17004
17008
17009
17022
17026
17031
17031
17032
17034
17041
17044
17045
17045
17045
17046
17052
17063
17065
17067
17069
17075
17076
17080
17088
17088
17090
17098
17102
17103
17104
17109
17111
17113
17114
17117
17122
17123
17128
17129
17131
17139
17141
17146
17146
17147
17148
17151
17152
17153
17154
17159
17159
17160
17160
17164
17167
17175
17175
17179
17181
17185
17193
17197
17199
17204
17206
17214
17215
17217
17221
17223
17224
17225
17225
17229
17232
17232
17234
17234
17238
17239
17242
17244
17246
17248
17248
17254
17260
17260
17261
17262
17263
17265
17265
17266
17277
17278
17280
17292
17294
17295
17307
17308
17309
17312
17313
17320
17323
17328
17329
17337
17341
17341
17341
17341
17346
17353
17354
17355
17355
17360
17361
17362
17365
17365
17366
17377
17385
17385
17387
17387
17395
17397
17398
17399
17399
17400
17403
17404
17404
17406
17411
17416
17422
17423
17425
17428
17434
17436
17442
17444
17448
17449
17465
17466
17470
17474
17484
17488
17495
17496
17498
17501
17502
17502
17505
17506
17507
17510
17514
17514
17519
17526
17530
17537
17537
17544
17548
17553
17554
17555
17557
17559
17562
17572
17574
17583
17586
17586
17587
17588
17590
17593
17598
17605
17608
17608
17608
17609
17609
17612
17613
17621
17622
17622
17626
17627
17628
17631
17634
17634
17638
17643
17645
17648
17651
17654
17655
17655
17656
17657
17659
17659
17660
17662
17662
17665
17667
17671
17676
17686
17687
17691
17692
17694
17696
17697
17698
17701
17702
17704
17705
17709
17709
17711
17712
17713
17717
17717
17719
17720
17721
17725
17727
17733
17751
17754
17766
17776
17779
17781
17782
17783
17787
17795
17796
17800
17802
17804
17805
17806
17808
17808
17814
17815
17819
17820
17830
17832
17836
17839
17839
17844
17848
17850
17851
17851
17854
17856
17858
17858
17870
17871
17873
17879
17883
17885
17888
17888
17889
17891
17893
17896
17896
17897
17898
17900
17900
17902
17904
17906
17906
17910
17912
17914
17921
17921
17922
17926
17927
17931
17935
17936
17939
17940
17941
17941
17943
17945
17947
17950
17953
17957
17957
17961
17963
17964
17964
17964
17966
17970
17971
17971
17974
17974
17979
17979
17980
17980
17981
17984
17984
17985
17985
17987
17992
17994
17994
17999
18000
18000
18006
18008
18013
18016
18023
18023
18023
18025
18028
18036
18038
18043
18047
18050
18056
18059
18059
18062
18070
18071
18072
18073
18076
18087
18090
18091
18094
18101
18104
18108
18109
18110
18111
18113
18114
18115
18115
18115
18116
18116
18117
18118
18118
18120
18122
18122
18123
18127
18127
18130
18131
18136
18143
18152
18152
18152
18153
18154
18156
18161
18162
18170
18170
18171
18176
18180
18184
18186
18189
18190
18192
18194
18196
18196
18198
18198
18204
18205
18211
18211
18216
18224
18230
18233
18242
18243
18247
18257
18260
18261
18262
18263
18263
18264
18264
18271
18271
18271
18290
18295
18303
18303
18310
18312
18312
18318
18319
18322
18322
18328
18331
18332
18342
18345
18347
18350
18351
18351
18351
18360
18367
18369
18370
18371
18372
18373
18374
18375
18384
18389
18389
18392
18394
18394
18395
18397
18401
18403
18404
18408
18413
18414
18415
18416
18417
18421
18421
18421
18422
18422
18424
18425
18433
18434
18438
18444
18444
18447
18449
18454
18457
18457
18463
18464
18466
18468
18468
18468
18477
18478
18484
18492
18492
18496
18496
18499
18508
18512
18516
18517
18520
18528
18531
18531
18535
18538
18544
18548
18549
18551
18551
18556
18562
18569
18571
18572
18573
18574
18574
18575
18576
18577
18577
18580
18587
18590
18591
18591
18592
18592
18594
18607
18608
18615
18619
18622
18622
18623
18625
18628
18629
18634
18636
18647
18651
18652
18654
18658
18668
18671
18672
18676
18679
18684
18685
18690
18692
18693
18699
18700
18707
18707
18709
18710
18714
18716
18726
18727
18727
18728
18730
18738
18741
18744
18745
18748
18748
18750
18756
18764
18766
18768
18773
18775
18778
18780
18780
18784
18784
18784
18786
18787
18788
18793
18795
18800
18801
18802
18811
18811
18812
18813
18814
18815
18819
18819
18822
18826
18827
18832
18832
18833
18833
18833
18833
18835
18837
18839
18839
18847
18848
18850
18851
18856
18857
18858
18862
18863
18864
18865
18867
18870
18874
18874
18875
18882
18882
18885
18886
18893
18904
18904
18905
18911
18915
18916
18918
18919
18920
18920
18921
18931
18931
18937
18938
18939
18941
18950
18956
18966
18971
18972
18972
18974
18975
18976
18979
18980
18980
18982
18982
18983
18984
18988
18990
19002
19004
19007
19015
19015
19017
19018
19020
19021
19025
19029
19030
19032
19034
19035
19043
19047
19048
19056
19061
19062
19073
19075
19082
19085
19091
19091
19091
19095
19108
19111
19112
19112
19115
19116
19130
19131
19133
19140
19145
19146
19150
19158
19163
19171
19175
19177
19179
19188
19188
19190
19192
19207
19216
19218
19221
19223
19223
19227
19229
19230
19234
19236
19236
19239
19241
19249
19254
19259
19260
19261
19263
19264
19265
19267
19284
19288
19292
19300
19302
19304
19316
19319
19321
19326
19327
19329
19334
19338
19340
19343
19351
19352
19355
19356
19359
19362
19366
19368
19370
19379
19385
19388
19393
19406
19406
19411
19414
19414
19414
19416
19426
19427
19430
19430
19432
19433
19436
19438
19441
19444
19445
19447
19447
19451
19451
19452
19453
19459
19460
19467
19475
19475
19476
19478
19483
19486
19486
19493
19493
19497
19498
19500
19502
19505
19507
19508
19510
19511
19522
19522
19524
19526
19526
19537
19538
19541
19542
19543
19544
19544
19548
19552
19559
19559
19559
19561
19563
19564
19565
19575
19578
19581
19583
19587
19587
19591
19597
19602
19605
19606
19607
19610
19616
19617
19619
19621
19623
19624
19624
19625
19626
19636
19637
19638
19644
19644
19645
19648
19650
19654
19658
19659
19661
19662
19663
19663
19664
19666
19668
19669
19670
19675
19678
19684
19685
19691
19691
19695
19696
19698
19699
19700
19701
19703
19703
19708
19709
19712
19714
19715
19725
19725
19727
19732
19740
19746
19746
19747
19750
19752
19752
19765
19768
19771
19774
19774
19774
19774
19776
19800
19800
19800
19803
19803
19803
19805
19805
19808
19812
19815
19819
19822
19826
19827
19828
19830
19833
19842
19844
19845
19846
19851
19856
19862
19863
19867
19868
19870
19870
19876
19877
19881
19882
19882
19883
19884
19885
19887
19887
19888
19890
19902
19906
19906
19908
19921
19923
19927
19937
19938
19942
19942
19946
19952
19959
19967
19969
19969
19974
19978
19986
19987
19989
19993
19998
19998
20003
20005
20011
20013
20017
20019
20020
20020
20020
20023
20024
20026
20027
20028
20029
20031
20032
20033
20034
20036
20040
20042
20042
20048
20052
20058
20065
20068
20070
20074
20076
20085
20086
20091
20093
20096
20104
20105
20110
20124
20124
20129
20130
20138
20143
20143
20144
20145
20153
20159
20163
20165
20165
20166
20168
20170
20174
20174
20174
20175
20175
20178
20181
20185
20188
20189
20192
20193
20196
20196
20200
20201
20201
20202
20203
20204
20207
20207
20211
20212
20213
20215
20216
20216
20216
20218
20228
20230
20234
20237
20237
20237
20249
20249
20254
20255
20256
20265
20272
20273
20274
20276
20280
20283
20285
20286
20286
20289
20291
20297
20297
20300
20300
20302
20303
20307
20307
20309
20309
20316
20318
20320
20330
20333
20335
20337
20339
20342
20344
20345
20347
20349
20349
20349
20353
20353
20353
20356
20360
20364
20365
20368
20371
20374
20375
20379
20379
20381
20382
20384
20385
20387
20390
20392
20398
20398
20405
20409
20410
20411
20412
20413
20423
20423
20425
20427
20442
20443
20444
20444
20445
20445
20447
20447
20451
20452
20455
20461
20464
20467
20477
20477
20478
20478
20488
20488
20491
20493
20497
20501
20502
20507
20508
20510
20511
20517
20518
20521
20522
20525
20529
20530
20533
20534
20537
20541
20542
20553
20555
20561
20562
20563
20564
20564
20568
20572
20576
20576
20579
20587
20589
20591
20591
20597
20602
20605
20612
20613
20614
20615
20616
20619
20620
20620
20627
20634
20637
20644
20649
20650
20650
20650
20651
20652
20656
20660
20662
20663
20664
20664
20664
20665
20668
20672
20682
20690
20703
20703
20704
20707
20708
20709
20709
20710
20710
20712
20714
20714
20714
20715
20716
20717
20730
20744
20749
20751
20752
20756
20764
20768
20772
20784
20786
20786
20788
20789
20790
20792
20794
20794
20802
20807
20809
20812
20815
20817
20824
20825
20829
20832
20834
20836
20842
20844
20845
20848
20850
20851
20858
20867
20868
20878
20879
20880
20880
20881
20881
20886
20889
20899
20899
20900
20904
20904
20905
20914
20915
20918
20920
20920
20922
20923
20924
20926
20927
20928
20928
20929
20929
20935
20937
20938
20944
20945
20948
20950
20953
20962
20968
20974
20974
20975
20975
20976
20976
20977
20978
20979
20980
20985
20986
20994
20998
20998
21003
21005
21005
21008
21010
21011
21012
21013
21013
21015
21022
21022
21025
21031
21033
21035
21041
21042
21042
21056
21058
21062
21064
21066
21068
21070
21070
21074
21076
21080
21080
21084
21084
21088
21088
21091
21098
21098
21101
21102
21103
21104
21107
21110
21112
21115
21120
21125
21126
21127
21141
21143
21144
21150
21153
21167
21169
21170
21170
21171
21172
21174
21185
21187
21192
21194
21199
21199
21199
21201
21203
21208
21216
21217
21221
21228
21228
21229
21236
21238
21247
21250
21251
21252
21253
21255
21256
21266
21269
21273
21274
21275
21278
21278
21279
21284
21285
21286
21287
21288
21300
21302
21305
21306
21308
21309
21314
21315
21315
21315
21320
21323
21326
21326
21333
21339
21350
21356
21357
21358
21364
21364
21365
21372
21373
21377
21381
21382
21385
21387
21388
21389
21394
21397
21397
21403
21404
21408
21411
21411
21413
21415
21415
21416
21423
21424
21435
21437
21437
21438
21439
21440
21443
21445
21452
21457
21462
21463
21465
21469
21469
21469
21473
21476
21476
21484
21496
21496
21505
21505
21509
21513
21525
21528
21539
21540
21543
21545
21546
21548
21554
21555
21556
21559
21559
21560
21561
21566
21568
21569
21569
21572
21577
21581
21583
21586
21592
21593
21594
21598
21599
21599
21600
21600
21601
21603
21604
21609
21619
21619
21621
21628
21630
21635
21637
21637
21638
21640
21641
21645
21651
21657
21659
21661
21661
21664
21667
21668
21668
21671
21672
21674
21676
21680
21682
21683
21689
21689
21696
21700
21702
21709
21713
21716
21720
21721
21722
21724
21724
21727
21730
21734
21734
21737
21740
21745
21747
21747
21756
21758
21760
21764
21767
21767
21770
21771
21773
21773
21774
21777
21778
21779
21781
21783
21785
21791
21795
21796
21802
21803
21804
21806
21809
21813
21814
21814
21814
21817
21819
21820
21822
21826
21829
21829
21830
21832
21842
21847
21849
21850
21850
21852
21853
21860
21866
21866
21868
21870
21872
21874
21874
21875
21876
21881
21882
21882
21883
21889
21889
21893
21897
21902
21903
21909
21909
21913
21918
21919
21920
21923
21924
21925
21935
21937
21938
21939
21940
21941
21942
21942
21948
21950
21962
21964
21965
21965
21966
21968
21971
21972
21975
21975
21985
21986
21988
21988
21990
21992
21993
21994
21995
21999
22003
22009
22017
22019
22020
22023
22024
22026
22027
22031
22031
22033
22034
22036
22037
22037
22038
22041
22043
22044
22045
22048
22048
22049
22051
22059
22064
22066
22066
22066
22068
22069
22075
22077
22083
22084
22085
22086
22086
22087
22088
22089
22090
22097
22100
22104
22105
22108
22113
22114
22125
22127
22129
22134
22134
22135
22136
22139
22145
22145
22149
22151
22151
22160
22174
22183
22184
22190
22193
22193
22194
22194
22198
22199
22200
22205
22207
22212
22216
22216
22216
22219
22220
22221
22223
22224
22224
22228
22229
22236
22236
22237
22240
22242
22248
22249
22252
22258
22260
22260
22264
22266
22266
22267
22269
22274
22276
22276
22276
22278
22281
22281
22286
22287
22290
22291
22292
22297
22300
22305
22325
22328
22333
22334
22336
22336
22338
22339
22354
22359
22359
22361
22361
22365
22367
22369
22370
22370
22370
22374
22376
22378
22383
22384
22385
22389
22389
22394
22397
22403
22405
22407
22422
22424
22430
22432
22436
22436
22440
22443
22444
22444
22446
22447
22447
22451
22455
22459
22460
22466
22468
22468
22471
22476
22476
22477
22478
22479
22487
22489
22496
22496
22499
22500
22509
22511
22511
22515
22516
22517
22518
22519
22521
22529
22531
22534
22541
22542
22544
22545
22546
22551
22552
22554
22556
22565
22566
22569
22571
22580
22586
22587
22590
22591
22593
22594
22595
22595
22597
22600
22601
22602
22603
22604
22605
22607
22609
22609
22611
22615
22615
22619
22622
22623
22625
22631
22632
22639
22642
22643
22644
22648
22660
22662
22665
22667
22668
22669
22669
22676
22679
22680
22680
22681
22693
22696
22697
22701
22702
22703
22711
22712
22714
22723
22727
22728
22730
22733
22736
22741
22741
22746
22747
22747
22751
22756
22756
22759
22759
22760
22762
22764
22770
22777
22781
22782
22783
22786
22788
22791
22793
22798
22798
22802
22803
22810
22815
22816
22817
22819
22821
22824
22828
22831
22835
22836
22840
22841
22845
22848
22848
22852
22858
22859
22864
22868
22870
22871
22875
22876
22876
22878
22879
22881
22883
22885
22887
22888
22889
22889
22894
22894
22896
22899
22901
22901
22907
22911
22919
22919
22923
22927
22929
22930
22930
22933
22937
22937
22940
22941
22942
22943
22945
22946
22947
22966
22967
22971
22972
22975
22976
22976
22978
22989
22990
22993
22997
22997
23004
23009
23011
23014
23014
23017
23018
23019
23029
23031
23034
23034
23037
23040
23040
23041
23044
23045
23049
23050
23057
23058
23058
23058
23058
23061
23062
23064
23068
23071
23077
23082
23095
23099
23101
23101
23112
23115
23116
23126
23132
23133
23133
23134
23140
23141
23141
23145
23151
23156
23157
23160
23165
23166
23167
23168
23170
23172
23177
23178
23180
23181
23186
23194
23195
23197
23199
23201
23205
23207
23210
23212
23218
23220
23224
23224
23232
23232
23233
23240
23242
23248
23248
23249
23251
23252
23262
23264
23265
23268
23270
23282
23287
23288
23291
23293
23296
23297
23304
23305
23307
23307
23307
23308
23315
23319
23321
23328
23333
23336
23342
23345
23345
23349
23349
23350
23351
23352
23361
23364
23370
23376
23385
23385
23387
23392
23393
23394
23399
23402
23405
23407
23408
23411
23413
23417
23426
23427
23427
23427
23439
23441
23441
23444
23445
23457
23457
23458
23459
23460
23460
23466
23467
23468
23469
23472
23474
23479
23483
23483
23484
23489
23499
23505
23507
23516
23516
23518
23518
23520
23522
23527
23528
23528
23532
23532
23532
23533
23533
23536
23542
23546
23548
23551
23552
23553
23562
23564
23566
23569
23573
23574
23574
23578
23579
23582
23583
23583
23584
23584
23585
23592
23598
23600
23601
23606
23608
23608
23610
23614
23617
23620
23621
23622
23623
23633
23634
23636
23638
23643
23644
23646
23650
23651
23652
23654
23660
23664
23664
23680
23681
23683
23683
23686
23689
23692
23695
23697
23699
23699
23702
23705
23707
23714
23714
23715
23716
23718
23718
23718
23719
23720
23721
23739
23740
23743
23743
23749
23749
23752
23756
23759
23768
23768
23769
23772
23775
23779
23780
23784
23786
23789
23789
23790
23795
23799
23813
23814
23817
23817
23819
23823
23823
23826
23828
23836
23837
23846
23847
23853
23861
23862
23865
23866
23866
23867
23868
23868
23870
23873
23874
23876
23880
23884
23885
23885
23887
23891
23892
23897
23897
23897
23908
23911
23915
23915
23917
23918
23918
23920
23922
23923
23929
23933
23934
23935
23937
23938
23940
23942
23955
23956
23963
23964
23965
23966
23966
23967
23970
23973
23977
23977
23979
23980
23982
23982
23998
24005
24006
24010
24012
24015
24017
24018
24021
24025
24026
24029
24030
24031
24042
24043
24043
24049
24050
24053
24055
24057
24058
24059
24070
24074
24076
24079
24079
24083
24083
24084
24084
24084
24089
24090
24096
24097
24097
24098
24101
24101
24106
24110
24111
24111
24114
24117
24118
24118
24121
24122
24124
24125
24126
24126
24128
24130
24131
24134
24137
24138
24139
24140
24147
24147
24153
24154
24161
24165
24166
24169
24170
24171
24172
24178
24184
24186
24187
24197
24207
24209
24212
24217
24226
24233
24233
24235
24238
24240
24241
24245
24252
24254
24259
24261
24264
24271
24272
24280
24285
24289
24293
24302
24304
24304
24307
24308
24309
24309
24317
24317
24318
24318
24319
24319
24319
24319
24328
24334
24338
24340
24349
24351
24359
24364
24371
24373
24374
24374
24381
24382
24394
24398
24399
24401
24401
24403
24404
24408
24409
24415
24415
24417
24418
24418
24420
24421
24422
24428
24433
24435
24436
24436
24439
24440
24440
24446
24450
24452
24454
24456
24463
24464
24466
24468
24484
24490
24490
24492
24494
24497
24498
24499
24504
24504
24508
24509
24513
24516
24517
24520
24526
24527
24528
24529
24535
24535
24535
24543
24544
24545
24545
24551
24551
24551
24553
24554
24570
24578
24581
24582
24583
24583
24585
24587
24590
24592
24593
24599
24601
24601
24602
24604
24606
24607
24611
24612
24616
24617
24618
24619
24620
24624
24629
24632
24633
24633
24637
24639
24639
24644
24647
24648
24652
24653
24657
24664
24670
24673
24674
24675
24675
24677
24686
24688
24689
24693
24694
24695
24702
24702
24704
24705
24705
24710
24710
24712
24712
24713
24720
24721
24724
24726
24726
24727
24743
24745
24750
24752
24755
24756
24764
24765
24779
24782
24783
24789
24790
24793
24802
24804
24807
24812
24814
24816
24817
24820
24827
24831
24833
24834
24834
24836
24839
24840
24840
24841
24847
24849
24851
24851
24855
24855
24858
24859
24859
24863
24865
24869
24870
24871
24873
24883
24884
24887
24889
24891
24892
24897
24897
24898
24899
24902
24911
24911
24911
24912
24914
24915
24920
24926
24928
24929
24930
24936
24936
24937
24939
24940
24941
24943
24944
24950
24962
24964
24969
24971
24972
24975
24977
24979
24982
24982
24982
24985
24992
24997
24998
25004
25008
25008
25013
25017
25020
25020
25031
25032
25037
25038
25039
25043
25043
25044
25045
25049
25055
25063
25071
25071
25074
25075
25079
25079
25083
25085
25089
25089
25090
25090
25099
25101
25101
25107
25108
25112
25115
25115
25125
25125
25126
25127
25136
25138
25142
25145
25151
25159
25161
25164
25165
25166
25173
25174
25175
25176
25178
25179
25182
25182
25185
25187
25188
25190
25190
25194
25197
25200
25204
25209
25212
25215
25219
25219
25222
25227
25228
25228
25228
25228
25228
25229
25231
25232
25232
25234
25239
25240
25243
25251
25258
25263
25264
25265
25267
25268
25271
25275
25279
25289
25303
25310
25310
25310
25314
25319
25321
25324
25325
25326
25329
25333
25335
25344
25351
25359
25364
25374
25375
25376
25387
25390
25392
25396
25396
25396
25397
25399
25402
25412
25413
25415
25415
25415
25415
25418
25422
25425
25426
25432
25436
25438
25440
25440
25444
25445
25446
25446
25449
25451
25456
25457
25458
25460
25463
25468
25470
25472
25472
25475
25482
25484
25487
25488
25489
25490
25492
25493
25495
25497
25497
25501
25504
25506
25508
25509
25511
25515
25516
25520
25521
25521
25525
25525
25525
25530
25531
25545
25546
25546
25548
25548
25549
25549
25550
25553
25554
25555
25557
25558
25558
25559
25560
25568
25569
25570
25571
25572
25574
25577
25581
25581
25581
25582
25582
25584
25585
25591
25596
25596
25606
25613
25613
25615
25624
25626
25631
25635
25637
25637
25640
25647
25647
25648
25652
25652
25653
25658
25659
25661
25661
25663
25667
25669
25670
25674
25674
25678
25680
25682
25683
25688
25691
25692
25694
25696
25697
25699
25703
25704
25705
25706
25709
25709
25712
25715
25717
25719
25720
25722
25726
25727
25729
25732
25732
25753
25757
25757
25759
25762
25762
25763
25765
25765
25767
25771
25773
25777
25787
25789
25790
25792
25795
25795
25797
25797
25799
25802
25804
25819
25819
25823
25825
25826
25827
25831
25832
25833
25834
25835
25836
25836
25838
25839
25841
25846
25847
25851
25852
25855
25856
25857
25858
25858
25861
25862
25864
25865
25870
25870
25871
25873
25873
25876
25877
25878
25880
25881
25881
25882
25888
25888
25893
25899
25903
25904
25905
25905
25905
25908
25912
25913
25915
25917
25919
25921
25922
25929
25936
25938
25941
25942
25943
25959
25965
25966
25968
25968
25973
25979
25990
26005
26009
26011
26013
26013
26014
26015
26021
26022
26023
26023
26026
26032
26032
26032
26033
26033
26035
26037
26037
26038
26039
26041
26042
26042
26043
26045
26049
26050
26052
26057
26057
26061
26064
26064
26064
26067
26075
26078
26079
26079
26080
26080
26080
26080
26081
26090
26091
26105
26107
26110
26111
26112
26118
26121
26123
26123
26126
26128
26129
26129
26132
26133
26136
26142
26142
26143
26147
26150
26154
26155
26156
26158
26164
26164
26172
26173
26174
26175
26186
26188
26189
26194
26197
26199
26203
26205
26205
26212
26214
26221
26226
26237
26238
26241
26241
26244
26245
26250
26251
26254
26257
26259
26263
26264
26269
26273
26282
26285
26286
26293
26296
26298
26299
26300
26301
26305
26308
26311
26314
26317
26317
26318
26318
26319
26321
26323
26325
26326
26327
26328
26330
26331
26331
26336
26340
26342
26344
26353
26354
26359
26359
26361
26361
26362
26365
26367
26373
26374
26375
26376
26381
26381
26381
26382
26393
26400
26404
26406
26408
26412
26414
26415
26415
26416
26417
26417
26418
26419
26420
26422
26423
26434
26436
26439
26441
26442
26443
26444
26444
26446
26451
26454
26463
26464
26468
26468
26473
26473
26475
26477
26482
26485
26486
26486
26489
26492
26492
26501
26503
26507
26511
26516
26522
26523
26531
26532
26537
26543
26547
26549
26564
26565
26566
26568
26569
26578
26578
26586
26587
26589
26591
26591
26599
26600
26600
26601
26603
26605
26608
26609
26611
26616
26616
26617
26617
26624
26626
26628
26638
26638
26639
26643
26647
26649
26653
26657
26657
26659
26660
26661
26671
26671
26674
26675
26681
26686
26687
26693
26694
26695
26700
26700
26702
26708
26713
26713
26715
26717
26717
26719
26719
26722
26726
26726
26726
26726
26729
26729
26737
26737
26740
26748
26750
26751
26760
26761
26766
26771
26772
26777
26783
26785
26787
26790
26794
26798
26799
26802
26806
26814
26814
26817
26818
26820
26823
26823
26825
26830
26830
26839
26839
26841
26841
26845
26848
26853
26857
26858
26862
26863
26863
26871
26871
26872
26877
26878
26880
26880
26885
26888
26889
26891
26893
26895
26904
26904
26907
26909
26911
26914
26916
26918
26922
26926
26929
26930
26931
26941
26941
26942
26944
26954
26955
26957
26959
26962
26965
26966
26968
26969
26969
26972
26973
26975
26979
26980
26988
26990
26995
26997
26999
27001
27003
27005
27006
27012
27014
27014
27017
27017
27018
27025
27027
27030
27035
27041
27043
27043
27043
27044
27044
27044
27050
27053
27053
27057
27057
27058
27060
27062
27063
27064
27070
27075
27075
27076
27079
27082
27082
27095
27098
27099
27116
27116
27117
27117
27124
27128
27128
27131
27134
27135
27138
27139
27140
27145
27149
27149
27150
27152
27154
27158
27158
27163
27163
27167
27168
27169
27170
27172
27173
27174
27178
27181
27186
27189
27193
27195
27213
27227
27228
27231
27234
27237
27242
27248
27249
27251
27251
27255
27255
27260
27261
27269
27272
27272
27272
27272
27277
27277
27281
27283
27286
27287
27289
27292
27292
27293
27293
27297
27299
27307
27309
27309
27309
27309
27313
27314
27319
27320
27320
27321
27326
27326
27328
27330
27330
27330
27331
27332
27332
27338
27339
27340
27341
27341
27343
27345
27351
27351
27355
27355
27356
27359
27361
27363
27363
27367
27370
27370
27373
27374
27375
27376
27376
27379
27379
27379
27379
27383
27390
27391
27391
27392
27392
27395
27395
27402
27402
27404
27405
27413
27414
27415
27419
27423
27424
27434
27438
27439
27439
27442
27444
27445
27445
27446
27451
27451
27454
27454
27457
27460
27464
27467
27468
27470
27474
27478
27480
27481
27483
27484
27485
27486
27486
27488
27488
27489
27489
27491
27493
27495
27497
27497
27500
27502
27504
27505
27509
27516
27518
27518
27523
27525
27532
27533
27534
27535
27537
27537
27538
27543
27544
27549
27550
27551
27553
27553
27556
27561
27566
27566
27573
27577
27578
27581
27591
27593
27594
27594
27595
27604
27610
27611
27612
27613
27615
27615
27616
27621
27626
27635
27636
27642
27642
27644
27645
27653
27655
27657
27657
27662
27663
27665
27669
27669
27672
27676
27678
27680
27680
27681
27687
27688
27695
27698
27700
27705
27706
27711
27712
27714
27714
27719
27720
27722
27730
27736
27737
27739
27740
27745
27747
27749
27755
27756
27758
27761
27763
27766
27770
27771
27776
27780
27784
27791
27791
27793
27795
27799
27805
27807
27811
27813
27815
27822
27829
27829
27830
27831
27833
27836
27837
27838
27838
27843
27844
27845
27852
27857
27859
27864
27865
27865
27867
27868
27868
27871
27871
27875
27876
27877
27877
27877
27879
27880
27880
27889
27891
27891
27891
27892
27893
27897
27898
27900
27904
27905
27909
27918
27921
27924
27925
27927
27931
27931
27934
27934
27941
27943
27957
27959
27962
27964
27970
27972
27974
27974
27976
27978
27982
27983
27983
27986
27988
27991
27995
27997
28000
28001
28001
28002
28009
28010
28011
28013
28015
28016
28018
28028
28034
28041
28043
28047
28048
28049
28049
28052
28060
28061
28063
28065
28068
28070
28070
28073
28073
28075
28076
28079
28080
28083
28084
28084
28084
28086
28086
28088
28091
28096
28102
28102
28106
28109
28109
28110
28112
28112
28115
28115
28115
28116
28122
28125
28126
28131
28139
28141
28144
28144
28147
28148
28151
28152
28156
28159
28160
28162
28163
28166
28170
28176
28176
28187
28188
28193
28195
28200
28206
28207
28208
28210
28211
28211
28213
28214
28218
28223
28223
28231
28234
28234
28239
28244
28250
28251
28251
28253
28256
28260
28260
28268
28270
28274
28277
28288
28290
28292
28297
28303
28311
28311
28314
28315
28320
28321
28325
28330
28333
28335
28337
28338
28338
28346
28348
28348
28349
28353
28354
28361
28363
28368
28372
28372
28378
28378
28379
28381
28389
28390
28391
28393
28396
28396
28397
28398
28402
28405
28407
28410
28410
28418
28418
28418
28420
28420
28424
28425
28426
28426
28431
28436
28436
28437
28438
28440
28448
28450
28451
28451
28455
28464
28468
28468
28470
28471
28475
28478
28480
28482
28484
28484
28485
28486
28490
28490
28492
28498
28498
28500
28500
28508
28511
28512
28512
28515
28517
28519
28520
28522
28526
28528
28528
28533
28541
28544
28545
28553
28556
28557
28561
28563
28564
28565
28566
28569
28569
28571
28574
28575
28576
28576
28578
28581
28582
28582
28585
28588
28589
28592
28607
28608
28614
28615
28616
28621
28623
28624
28630
28640
28642
28643
28650
28653
28653
28657
28661
28661
28661
28667
28671
28673
28673
28675
28676
28678
28680
28680
28683
28683
28684
28684
28685
28685
28686
28691
28693
28693
28700
28701
28704
28710
28714
28716
28722
28728
28729
28729
28730
28734
28736
28739
28740
28740
28746
28750
28756
28766
28766
28767
28768
28772
28773
28774
28775
28784
28786
28786
28786
28793
28794
28797
28801
28802
28802
28803
28804
28806
28809
28810
28820
28822
28826
28830
28830
28831
28840
28841
28843
28844
28848
28850
28851
28851
28852
28857
28857
28859
28860
28862
28862
28864
28868
28868
28874
28876
28877
28878
28878
28880
28882
28884
28887
28893
28893
28897
28899
28900
28901
28903
28905
28906
28906
28910
28912
28912
28918
28918
28922
28924
28931
28937
28943
28943
28945
28946
28947
28953
28955
28957
28958
28959
28961
28961
28962
28964
28964
28965
28968
28969
28971
28973
28973
28973
28973
28975
28976
28979
28984
28992
28998
29001
29009
29016
29024
29024
29026
29029
29030
29034
29036
29037
29039
29041
29044
29046
29047
29048
29048
29050
29056
29064
29070
29079
29081
29082
29082
29083
29084
29087
29093
29101
29102
29104
29108
29110
29112
29112
29113
29113
29114
29116
29117
29118
29125
29131
29131
29132
29132
29133
29135
29135
29144
29145
29145
29153
29153
29160
29163
29164
29168
29174
29174
29177
29181
29186
29186
29195
29199
29200
29201
29203
29208
29211
29211
29212
29213
29214
29215
29216
29218
29222
29228
29229
29235
29235
29236
29236
29241
29243
29245
29246
29246
29249
29256
29258
29263
29264
29268
29270
29270
29274
29279
29281
29285
29290
29292
29293
29296
29297
29298
29299
29307
29311
29314
29314
29319
29319
29322
29326
29327
29333
29333
29336
29338
29340
29340
29343
29343
29345
29348
29350
29351
29353
29354
29355
29355
29356
29356
29358
29362
29363
29365
29366
29367
29368
29371
29372
29377
29378
29389
29389
29399
29401
29405
29406
29413
29419
29419
29427
29431
29433
29434
29437
29438
29441
29443
29444
29445
29445
29449
29455
29456
29462
29464
29465
29467
29468
29480
29481
29483
29498
29502
29503
29503
29505
29508
29511
29518
29520
29521
29525
29525
29526
29527
29529
29536
29540
29543
29552
29554
29555
29556
29561
29563
29565
29567
29568
29568
29577
29579
29583
29584
29592
29593
29593
29594
29594
29603
29612
29613
29614
29616
29620
29620
29621
29625
29627
29630
29631
29631
29632
29634
29634
29637
29643
29652
29656
29659
29670
29674
29674
29674
29679
29686
29687
29689
29691
29693
29697
29698
29701
29704
29708
29710
29710
29716
29720
29724
29728
29728
29730
29733
29738
29739
29740
29740
29745
29746
29746
29754
29755
29760
29761
29763
29765
29766
29768
29770
29775
29780
29781
29784
29793
29796
29798
29799
29804
29804
29807
29814
29815
29817
29817
29818
29821
29823
29825
29835
29840
29841
29843
29847
29849
29850
29858
29862
29866
29867
29867
29868
29868
29871
29874
29875
29875
29878
29880
29883
29883
29885
29888
29889
29892
29894
29897
29898
29899
29901
29902
29910
29913
29916
29919
29925
29926
29945
29958
29958
29964
29973
29974
29975
29976
29978
29978
29979
29984
29989
29992
29992
29996
29996
30003
30006
30009
30015
30022
30028
30037
30039
30042
30047
30049
30049
30053
30054
30055
30056
30056
30059
30067
30067
30075
30077
30077
30080
30082
30085
30087
30088
30090
30096
30107
30107
30108
30110
30114
30121
30122
30123
30125
30128
30129
30129
30131
30133
30134
30134
30136
30141
30145
30146
30147
30151
30157
30162
30173
30174
30189
30192
30193
30195
30196
30197
30198
30201
30202
30206
30206
30207
30208
30208
30211
30212
30216
30221
30222
30224
30224
30229
30237
30238
30241
30252
30261
30266
30282
30283
30284
30287
30293
30294
30297
30297
30298
30309
30313
30313
30313
30314
30318
30318
30319
30320
30323
30342
30346
30351
30351
30352
30353
30357
30358
30359
30360
30362
30362
30366
30371
30374
30379
30382
30383
30385
30388
30389
30396
30397
30403
30411
30411
30419
30423
30425
30425
30425
30427
30429
30432
30432
30433
30437
30440
30443
30444
30449
30449
30453
30453
30459
30460
30462
30462
30462
30465
30470
30472
30475
30481
30486
30488
30490
30499
30500
30502
30502
30503
30503
30504
30509
30509
30511
30513
30514
30514
30517
30520
30523
30523
30525
30526
30526
30526
30534
30536
30537
30537
30543
30546
30549
30555
30555
30558
30559
30560
30561
30566
30568
30572
30580
30584
30590
30591
30592
30594
30599
30602
30603
30609
30617
30618
30622
30623
30625
30625
30627
30630
30631
30639
30640
30640
30649
30651
30654
30654
30658
30662
30663
30671
30676
30676
30680
30683
30685
30689
30691
30692
30694
30694
30698
30701
30704
30705
30710
30712
30715
30717
30718
30719
30720
30731
30733
30734
30742
30744
30751
30753
30756
30783
30784
30794
30798
30799
30800
30805
30809
30811
30819
30822
30822
30824
30828
30828
30830
30831
30835
30836
30838
30842
30843
30843
30844
30844
30845
30847
30849
30851
30853
30854
30858
30859
30859
30860
30860
30865
30865
30866
30870
30871
30872
30885
30888
30888
30891
30891
30892
30893
30896
30899
30904
30904
30906
30909
30914
30915
30916
30916
30918
30918
30924
30930
30935
30936
30938
30939
30943
30946
30949
30951
30953
30959
30959
30960
30964
30968
30969
30971
30979
30979
30983
30983
30983
30986
30986
30987
30991
31008
31008
31013
31014
31015
31018
31022
31025
31025
31025
31030
31030
31038
31039
31042
31043
31043
31043
31063
31067
31067
31068
31071
31072
31072
31082
31085
31085
31085
31088
31088
31090
31095
31095
31097
31098
31102
31104
31104
31107
31107
31107
31108
31109
31109
31113
31115
31116
31125
31125
31132
31136
31139
31143
31144
31145
31146
31149
31151
31156
31159
31161
31161
31166
31176
31178
31180
31181
31182
31185
31187
31193
31194
31196
31200
31203
31205
31206
31216
31216
31218
31219
31219
31224
31226
31228
31231
31232
31234
31235
31235
31236
31237
31237
31241
31242
31247
31248
31255
31255
31258
31258
31262
31264
31266
31270
31272
31273
31274
31276
31277
31281
31285
31286
31287
31289
31291
31296
31297
31299
31303
31304
31306
31310
31312
31318
31320
31322
31324
31324
31331
31333
31336
31337
31344
31345
31347
31352
31355
31356
31365
31365
31370
31373
31374
31382
31386
31388
31390
31392
31394
31396
31401
31407
31408
31413
31413
31415
31419
31420
31427
31428
31431
31432
31438
31438
31443
31452
31455
31455
31460
31465
31465
31468
31469
31472
31473
31477
31482
31485
31485
31485
31487
31488
31489
31492
31493
31497
31497
31503
31504
31507
31508
31511
31516
31521
31528
31528
31541
31545
31550
31551
31554
31563
31564
31566
31566
31566
31568
31569
31575
31576
31576
31577
31580
31580
31582
31585
31587
31588
31590
31592
31594
31595
31596
31600
31605
31612
31612
31615
31620
31628
31630
31631
31633
31633
31634
31634
31636
31644
31648
31649
31651
31654
31655
31660
31660
31662
31664
31666
31672
31678
31682
31688
31692
31699
31709
31710
31712
31713
31721
31725
31726
31727
31728
31729
31731
31732
31737
31741
31742
31743
31748
31751
31752
31755
31755
31756
31760
31761
31765
31771
31777
31779
31781
31783
31785
31792
31795
31797
31799
31800
31806
31807
31813
31815
31815
31821
31822
31825
31828
31831
31833
31836
31842
31846
31847
31848
31854
31854
31857
31857
31860
31863
31866
31868
31870
31872
31875
31876
31877
31878
31878
31883
31883
31885
31886
31889
31890
31899
31910
31914
31918
31920
31922
31923
31923
31924
31926
31927
31931
31939
31943
31949
31950
31952
31952
31953
31957
31957
31959
31960
31961
31964
31965
31966
31977
31977
31979
31984
31986
31989
31990
31991
31991
31994
31994
31996
31996
31998
31999
32004
32005
32007
32010
32011
32014
32014
32018
32025
32031
32031
32057
32058
32059
32069
32071
32072
32074
32078
32085
32095
32096
32099
32105
32106
32106
32109
32109
32119
32124
32131
32131
32134
32136
32148
32150
32152
32159
32163
32165
32170
32172
32174
32176
32178
32181
32183
32199
32201
32201
32206
32210
32211
32216
32216
32218
32218
32219
32220
32220
32222
32222
32225
32226
32230
32233
32236
32238
32241
32242
32242
32243
32243
32245
32251
32251
32253
32266
32271
32271
32275
32275
32276
32279
32285
32288
32290
32291
32291
32296
32300
32303
32305
32306
32306
32311
32312
32314
32317
32323
32329
32329
32330
32331
32333
32334
32338
32339
32339
32340
32350
32355
32364
32365
32367
32369
32370
32380
32391
32392
32397
32398
32399
32404
32406
32406
32409
32409
32410
32419
32419
32428
32437
32438
32440
32440
32445
32446
32452
32453
32454
32455
32458
32459
32460
32463
32465
32466
32466
32468
32472
32480
32481
32481
32483
32489
32490
32492
32492
32495
32497
32498
32500
32503
32504
32506
32506
32508
32514
32517
32518
32519
32522
32525
32532
32539
32542
32543
32546
32548
32553
32553
32553
32554
32556
32558
32565
32565
32569
32570
32577
32579
32580
32582
32583
32584
32588
32590
32590
32592
32596
32606
32611
32615
32621
32625
32625
32627
32627
32627
32628
32629
32630
32631
32632
32637
32637
32639
32640
32642
32650
32660
32661
32668
32677
32679
32685
32686
32687
32687
32688
32689
32690
32691
32692
32694
32697
32700
32702
32702
32705
32707
32709
32712
32718
32719
32725
32726
32734
32735
32739
32739
32740
32741
32747
32749
32751
32753
32758
32762
32764
