12000
19188
18592
1058
28797
22899
13419
16933
23683
9332
8821
5675
25674
26327
7780
26702
28244
20644
11641
10458
27017
5557
29299
29862
12344
21680
18608
21413
7257
27193
6806
17848
12565
1125
30513
4550
32136
2673
11037
2831
7365
11444
24743
16573
30490
12498
2863
19388
10390
20019
8657
11980
12489
11955
27972
31957
20427
26523
27905
14714
13440
32465
6056
10224
24601
20555
31392
31761
25310
26569
31998
8620
22059
8900
18857
3616
14265
11937
9403
20521
2591
14123
12330
20985
24217
22848
25511
395
11271
11722
15302
21300
5945
242
25696
21115
4201
2448
25142
13610
27145
13541
32726
9381
19648
23180
451
12667
11439
27822
26064
9531
9208
30838
12749
9865
22145
2756
5477
25456
17141
19750
25415
13818
9484
28420
9604
30462
19725
12058
20792
29498
4241
6443
23917
13985
14473
19444
16700
8694
4226
23392
7477
32410
31528
8954
5122
1187
12297
7335
5702
1837
1692
3989
9675
15093
29314
11119
21469
19236
5387
25555
32497
12392
2044
8197
5003
32329
17808
4837
21598
6843
20924
20254
28084
5103
2231
27553
22544
2159
14010
19538
19986
21866
23813
25344
22940
32588
18466
31899
15411
2194
23405
28321
13992
10973
13780
14554
29687
9797
5084
28485
7023
6895
4836
82
19987
8418
14766
11089
4929
4630
27163
15147
30865
15054
8246
22864
26880
25640
8820
3312
32590
27891
1851
14958
22436
25792
13216
14098
9338
23868
14197
17662
2744
26045
10883
2915
2331
25882
28436
24308
28379
17856
32181
28315
9611
10242
7737
10347
21056
3761
12801
27351
4597
14829
29563
22049
21806
9274
20201
21013
7900
21975
14436
7158
10881
587
8992
28857
15764
9280
32241
10097
10279
2964
22798
20491
14535
4526
6422
10811
10148
26638
23376
2230
15602
13608
28471
29858
13966
29555
2358
9546
12517
18109
4784
8215
5906
15297
15171
5308
24134
9723
12110
18864
4205
4027
6064
11489
27150
28793
18131
23719
3955
7528
14058
15606
7435
10317
15734
27865
5900
8338
6159
12315
31836
27286
13921
8519
178
8520
25973
16340
12793
13812
16434
11929
3317
16989
2339
13959
17704
16651
20858
24982
17399
8166
4437
16896
8969
24836
5441
14766
9712
15808
25852
21999
30475
12
1920
4976
11178
1544
18492
7785
21364
9171
24997
25364
5894
22432
12525
611
10717
1037
22290
32498
4982
9393
27419
13883
5043
12532
8607
31241
9857
8484
3462
24111
27320
18885
24083
3705
28739
296
15907
16611
12672
17215
14511
6153
15337
18351
18072
2527
19445
15911
27044
7842
24633
9456
30915
7182
2003
28102
408
28882
28680
25831
25396
29761
29996
3689
1573
20042
15042
28112
21935
7082
3813
27616
24153
8800
7399
20144
13740
10849
13111
30720
3895
20110
8328
24012
8918
23011
27695
28962
18484
1265
28109
26416
27535
10126
2095
6305
16315
13003
2930
27434
20842
1830
619
31071
24490
31489
28486
27852
7599
9555
15212
15937
16851
16542
24235
20589
1499
14881
401
6318
31868
16718
7960
18984
24606
27518
27017
14101
16095
16356
30362
23643
10203
16319
30425
19300
15787
16084
31822
26154
21035
8220
5212
8593
28544
19130
14569
16890
29274
27439
23743
17941
6519
21713
5937
29686
11881
6010
13057
15468
11160
7549
9345
26766
906
26078
11001
17814
28002
11970
8521
17139
23207
9252
16847
13977
31303
26314
24971
15260
27868
32631
26241
24317
3629
4707
32095
3780
30712
26344
21088
32590
8687
6014
20848
31465
17152
32233
12689
20382
22489
12209
20349
20302
29356
7891
7053
5633
14383
12982
7897
2682
11752
28000
23457
19727
15783
28906
3308
2231
4692
31025
2414
23141
12778
7631
19887
17044
30916
28746
29034
21795
23064
19082
3123
7012
2497
24977
19805
23664
29505
28774
19227
16317
8710
3922
19685
32242
32492
2895
5406
5113
1796
20926
28147
11350
24468
17496
32134
12984
27486
2407
9548
17870
17701
11318
28851
31580
17262
8646
22281
10894
27012
1474
21657
12428
27070
9141
7959
25422
7428
8315
31038
9906
5008
22518
27063
22476
8946
17154
22845
637
5463
31146
23551
5447
24074
9628
10821
1887
30523
30938
3159
9476
19712
31923
15771
30224
22937
19698
2813
29389
22264
4949
12435
31497
10625
22336
14977
17261
26638
30131
27931
11530
9526
21882
30794
15157
24015
11171
31281
7061
12465
25653
5392
29818
17341
799
7272
28016
31262
4463
7520
9749
24527
27332
18023
3879
28253
32518
29211
23009
3823
23636
22889
29064
32131
5438
12534
13121
29050
22325
13758
22565
12119
17727
27900
17815
26564
27376
6985
14293
2006
23445
14087
31438
24209
20914
23040
9524
15279
25263
30283
2513
27549
6862
21104
21278
13511
5472
4299
32018
14869
25913
17974
8504
26293
24929
25570
18692
18204
10764
30854
14951
29511
31180
3260
29345
28231
5894
7847
17239
7932
31139
218
17893
17953
30983
8309
6389
5512
5703
30353
7249
19623
13974
10463
7925
32340
25089
7563
13161
25549
23133
1639
7757
24827
7805
10053
4917
7672
11688
23460
13240
22990
8009
8080
1220
23170
25321
8131
20020
7761
15451
5392
6309
12857
20534
28418
15749
20923
21641
4544
15724
13280
14793
11059
20656
10618
24590
25451
26164
28844
11391
27711
1152
25004
4875
13364
16663
22728
26715
16545
16900
423
4100
29456
32183
26578
23296
15846
11535
28786
10847
3143
9144
8540
10810
24884
695
22858
14569
29174
31043
23915
20085
16320
2007
24607
30800
29840
31109
25851
15684
1878
1933
9748
32170
27480
23342
24186
9180
20181
25020
7682
14573
11496
9971
2633
12695
14000
10635
12533
1908
22446
24076
20286
29297
22894
21476
12974
22145
27242
12471
5924
14734
3115
30198
9759
21941
11441
17587
31545
7090
28437
5044
20978
14745
26477
3014
16559
31176
19952
32339
9475
3609
27995
10807
9516
7004
20627
17104
27361
6404
29579
27988
31563
22816
31592
10344
20561
19597
14819
20974
5912
22378
32751
16158
14282
18893
924
6872
2711
20660
23868
32312
24058
29503
24516
30572
12862
28700
20597
29378
20032
3906
16827
14853
4470
15330
5461
32266
10032
31386
27062
7814
32542
4077
30379
9250
12051
27376
7487
8402
8712
10309
11996
27234
14436
16717
12210
25426
15739
15258
6236
17891
22100
27811
23233
9586
19887
9660
11833
6661
24902
23621
26354
18980
29780
8737
23697
18154
19284
618
9244
28251
13579
5730
8471
18424
17608
26285
12781
3985
491
27838
31634
25179
12452
18576
6247
16962
6141
32406
11870
25472
26907
20980
12382
30831
11200
3823
20201
28571
21525
22946
23548
22556
26023
21747
9782
24611
18351
13766
3901
8658
11926
5745
24926
12881
16056
7791
10355
10014
19561
21080
4618
1444
23861
8208
6339
20752
20076
31551
32506
10848
17631
7682
23718
14012
18916
16865
17537
16394
14752
25856
17514
17341
26245
28569
17671
25581
5657
19881
3246
28333
15097
20714
27014
28569
4126
28418
18153
32686
31072
12282
12813
18271
19768
24817
4580
26340
27594
24338
5696
14550
18211
3779
8763
8953
16575
21279
13782
26969
78
6567
6880
14232
10167
20020
22810
21638
2142
19249
13720
13298
15779
6662
16746
23232
20651
6103
15228
18748
18786
21103
18875
24494
20672
12663
19833
28975
18508
16364
22291
30906
31455
10704
31953
9350
19115
16927
6413
11155
123
9476
13208
8579
8252
19021
6745
15532
26301
7197
27959
17003
21683
26080
8506
3515
27392
12164
16108
25606
31797
22759
24582
3131
14165
2443
12360
23584
20444
18577
30121
12266
26367
20709
25520
11
6710
30134
15906
2379
23288
11049
3805
15130
29637
1870
29444
24612
24170
20307
17244
13607
20353
25847
7158
25089
6967
10306
1807
2318
22354
8563
20276
24752
24178
1851
15530
2863
6294
29992
16908
8388
11491
26212
23606
8176
161
18591
10594
14354
10119
15178
31633
8761
10552
20230
27181
31799
16397
22876
9964
23031
29973
12462
6647
272
15706
25709
2380
665
31846
17805
20320
10048
4102
21302
25865
24982
18766
24509
17052
15021
30429
466
23634
27877
25699
9723
15857
8451
29536
21569
2472
387
12590
32296
24122
6192
3649
26853
26719
10737
6830
1996
9063
1254
27626
23304
3360
29875
4052
9870
20730
20764
12534
5460
11881
23251
20488
7357
7819
23181
14006
13400
32011
13915
1956
13771
14405
28984
4014
30986
19626
18654
15476
205
3942
26079
23574
19264
3137
20976
2620
6908
31427
10376
28250
19510
3740
13738
12082
2614
10051
30462
16282
30987
8924
13095
26751
10110
22623
6993
13354
23876
31991
11017
7874
6520
30888
14930
12306
21832
28213
30197
25229
24302
31297
12824
31631
24802
28084
19218
14566
26957
1888
2174
30609
1473
28901
13966
14279
18216
721
27043
8764
16891
5132
8218
29343
24245
22644
13928
27495
3718
4804
24937
14031
14411
7610
8949
22815
29118
4217
27829
6190
22762
556
25908
31781
8675
12524
825
19845
11443
4068
29525
13420
14231
178
31672
23828
364
15377
21064
17820
28772
11701
6389
6411
4349
18295
29766
15250
308
4018
28728
27665
7157
28397
10057
7901
30935
186
24528
30145
5126
27613
5007
31042
12928
1457
5515
30503
22149
17608
18972
10809
22600
18130
9536
3912
30443
28096
25396
2926
30122
22569
12102
18328
6487
14572
11493
25921
6662
21015
5882
28801
23817
5895
27003
13127
2847
14801
18748
19938
22248
10209
7689
14535
1948
14817
4851
5006
7165
6877
28903
25917
6538
10916
1925
12745
23542
24433
6190
2266
30936
27338
30559
29135
2980
9641
22590
22786
32218
2010
30323
25165
8061
11940
4665
17613
9159
13995
29365
5093
22043
27925
25222
6534
6971
7148
23197
9646
4795
30147
20303
30511
27830
25757
21416
8626
18367
16394
1795
5371
11034
11923
215
10607
28973
13912
11988
21971
13873
16632
22831
29270
7981
5809
16698
11474
3365
5321
3639
4687
4238
9004
31854
20937
12550
11606
637
7219
23874
8819
24816
17851
5960
16581
20497
3152
12510
12359
16385
10081
11330
12432
24328
1256
5403
24057
23082
22440
26032
20994
3067
23218
19544
8946
3508
28206
25905
1726
24197
29016
15381
7468
5421
32201
10954
9528
20425
26616
26489
8631
21993
10496
22370
12602
8425
5540
31181
7477
15999
1680
32580
25697
16784
21985
24831
17502
13640
21992
3232
1693
18025
9515
30753
5245
5859
941
12810
5812
28582
3440
16871
9201
17588
32311
27897
17088
16250
25232
13100
17069
17248
23058
6217
12460
8351
20196
3437
27320
26962
18047
3770
5819
7377
12212
18764
174
7482
20976
23918
9217
9040
16831
4366
25661
9353
32399
1647
14568
24418
7607
19230
20649
502
9911
21287
28588
7887
1217
13448
3400
25596
12665
14054
29919
18531
31994
2943
28166
9049
5913
16736
12262
25200
15853
18904
9186
20880
13711
8492
15227
10570
27934
28556
23920
22376
29958
13894
11817
13769
10882
23866
14165
9068
15456
13454
13011
13258
27909
16035
31950
26729
13744
22087
28973
10414
12035
1324
14378
27635
25279
7832
17984
18905
27343
29279
4939
25823
392
11279
19691
25396
26415
12906
2089
27082
16571
6937
13917
19884
21469
1694
24911
28561
17470
30859
29340
30129
13832
32753
2651
22487
31143
17436
10497
29112
9425
18813
12418
3971
15555
744
185
10425
21966
768
13066
15679
19475
25071
14662
2226
31115
11098
25550
32762
3402
26771
4860
19746
26628
6929
6078
15718
8656
15134
1924
21902
7468
3792
1885
123
19265
27962
21084
3072
1385
16867
32577
26611
8175
25720
18773
23427
6678
6333
24726
9419
3932
19145
1300
13992
19967
23411
29083
2248
14017
4360
22930
11780
18920
63
32291
9456
1418
366
7837
5808
30983
1533
18454
30733
12759
25115
18516
16584
25990
24241
18414
11565
31996
10132
20398
15852
25858
27135
15674
27173
18434
14144
27379
14274
5390
32689
3870
11785
30756
14826
5698
22129
10161
2613
31952
16309
11091
32323
27657
14120
32739
12573
7709
11336
15539
27484
19856
29333
7700
5021
13282
21924
6428
816
23407
13167
23718
4880
18580
4335
25497
29976
15891
23789
31854
11635
8377
21781
27116
16469
15934
16716
310
26600
31596
31043
26888
26250
11651
26700
24126
18741
8925
877
8598
11838
7886
26035
29366
25667
19662
1737
15473
30047
28378
16329
22086
29343
19223
4690
32553
5050
7353
26075
30087
32508
3107
12103
20612
19844
29263
14009
32391
8111
27505
28585
3320
21972
31959
5944
7496
16690
21012
3264
11058
24870
21853
6320
2113
162
10035
5527
12435
18394
14659
12158
23772
5696
4234
11643
30125
14515
29372
31107
19447
20467
743
23168
15051
31577
4435
5283
5731
7109
8878
25596
3174
17111
29285
1352
22888
8802
29781
16650
30640
4125
6563
11485
11071
29084
23784
5896
3854
9343
22930
20563
1942
14058
29319
18457
16021
1077
19467
11935
3088
2532
7395
4516
28820
2265
6842
10041
1218
18120
1477
15059
523
1004
6051
28831
18615
30968
22919
21269
1836
29009
9624
24272
26221
21882
22424
157
24545
14799
28868
14802
8278
17783
13052
24289
7237
1428
30500
9260
14679
188
17098
27931
12585
7853
24841
4460
4428
14396
685
3275
31889
25487
10647
19619
4483
20620
25444
4147
6708
18833
5961
3812
26941
11366
27457
22746
2048
28528
1131
9673
6704
1831
9901
1546
6804
16330
30622
10734
21767
24401
26787
13138
16836
9123
3160
17779
9696
28937
23345
18180
7448
17634
11105
2686
28877
16537
24570
20664
24653
24789
4950
22967
15956
13551
16567
30663
2003
10921
12586
22730
22511
16925
12209
31185
23885
15859
18592
30953
13453
9175
6216
14648
19476
8490
27859
3400
13583
10232
16239
23458
1460
22571
18607
29087
12491
2302
13357
30843
30318
1716
14197
16555
21005
22665
4126
22384
2485
8937
11578
6829
17041
31200
2033
16118
16049
14290
28520
31721
10250
11372
19432
21185
3262
14298
7484
9000
28830
9786
14426
589
6125
24401
2118
2103
28519
15997
22068
1881
13698
9963
23789
25190
18676
10250
11123
29798
16501
17984
6888
16138
12230
15323
23468
21308
15858
17994
24006
10235
28884
21389
6277
21350
20953
9194
30054
23062
20488
13282
25145
2225
831
611
20096
3004
13503
1855
6168
14769
20714
28125
11035
17234
9804
26671
22788
15932
5593
11747
11028
15807
6261
31710
13301
28141
15802
10214
9374
25841
2037
7326
10358
7843
18801
20920
19644
22105
26361
5222
30502
13055
9112
13329
12232
31082
22947
26446
16952
14569
17657
32014
31216
9757
17034
11796
32243
6155
10518
8877
4020
23408
7991
155
12595
20564
4770
5458
30313
1506
13482
28775
1510
18551
8198
581
3257
22009
3027
4898
10640
11370
12253
9777
4896
9917
15898
7449
32199
23528
5495
12199
1136
29754
4567
3007
6328
26863
7513
12697
15951
25090
26330
24618
5536
9794
25020
9695
31156
20904
29413
27025
13651
17896
28426
32694
4973
2374
20013
8148
20153
1963
14436
20028
9372
27128
20445
3572
3916
30618
23583
28405
27445
13919
14994
19606
2972
15495
14402
20553
642
26911
14560
3205
8139
30346
20234
17411
27551
7009
10699
12589
8209
11645
31590
25044
26110
31569
15695
31521
22840
20349
30075
31182
6116
21153
24793
17045
24865
16239
10017
5865
1771
7429
31692
16869
14142
29561
20579
4482
24702
11957
31741
28684
13590
9093
31748
12759
4704
27374
12855
27438
20165
1986
17397
25228
13093
2673
32440
29455
9080
10018
26080
29481
15030
29186
19890
29593
24053
13788
10144
27289
2769
6379
25546
8025
25873
1004
3014
27053
18312
32630
31388
6658
23608
31630
22037
7575
32702
13687
11574
13034
29674
12231
24583
17008
9645
28864
13465
12168
2616
31452
15686
13746
22370
13226
29755
9724
6986
11481
12340
6334
30526
914
22151
26503
476
18956
28260
855
5239
12122
31067
31503
1981
22919
13598
17957
9110
9700
10889
10140
17999
17313
11743
15668
1783
23707
13399
3806
22281
16501
8919
12914
26444
17898
31231
22436
21496
22113
873
20533
23578
22466
25647
26726
10297
26761
14510
9138
25658
8729
7562
12732
12417
21842
18931
12167
11865
30053
7974
2277
11158
9447
20790
3634
12665
6437
3340
4673
31443
18360
16300
9367
5485
4697
25275
15319
12968
25846
29246
25726
27489
31237
28581
18384
31511
14616
5640
7955
13904
25521
9136
26362
16440
1112
23769
26468
17292
21484
11190
25415
12982
2359
438
1254
21306
18116
24070
23115
6224
6901
7511
30193
4306
18000
30433
1985
27737
15386
19112
575
23460
4391
9470
8198
20537
19696
6985
23922
24398
20710
26118
15004
19433
18950
23566
22923
31815
24750
13080
19624
24187
6831
10624
10611
87
9123
32071
13173
24207
28545
21594
13173
12060
27502
31255
20207
10975
12502
5645
29634
6791
28348
16387
11305
10932
32078
5436
28396
19292
20413
13050
16344
7791
14411
14913
13420
14774
12966
16605
12501
16385
10356
21415
28957
5505
25647
28163
12959
13171
9779
2733
4542
24318
4117
12726
28630
18271
23095
10185
30067
20291
1945
8883
1217
1396
3058
10018
12356
4280
6144
29613
2505
4855
28
7445
23965
18331
28945
16331
11772
24892
26414
27314
716
27261
7066
10021
24972
11825
23528
16956
391
27331
32747
15179
4173
21716
29132
31660
6755
11557
31833
15295
27706
28088
21408
14638
32606
21042
3005
8822
18416
16260
29168
23459
30294
20170
31731
90
305
32627
16778
18205
2959
21667
13403
10699
31587
25045
2560
30566
21554
2757
3163
13081
10766
31373
17449
25722
16584
5646
12762
15628
11106
28049
2209
14088
32707
29102
8135
4445
29358
28526
3652
19701
28661
6060
9360
3898
746
5569
14519
3545
8983
31072
30892
26565
14639
30654
14047
3968
28740
18422
25873
10902
10041
7853
12647
2666
5755
3313
31166
8756
32236
18023
2367
7755
28448
4774
21555
160
1996
28126
9752
26251
12411
7357
30196
23499
13187
14227
21737
24264
16440
28852
11018
31258
11871
6686
13933
5967
5606
11867
129
28393
3794
24745
15778
14759
11640
30809
19179
1798
3824
31605
15948
23814
2503
27813
15580
1329
22260
8275
2928
10970
18189
27918
3436
11939
22459
15148
9689
21314
15724
14260
11960
10116
13639
11899
31382
20881
13157
20364
5217
8051
16702
25549
12666
210
8289
13536
2571
19969
1385
11336
2971
63
32556
28109
6624
16182
24117
28961
20948
26568
12405
24259
779
28683
9525
13348
21315
19602
27983
29449
16445
15087
27550
24624
29643
5493
18867
5430
7723
5187
17609
27064
19091
8062
18171
30649
25101
5853
8373
16195
20613
12907
30313
11601
32
24712
13955
2541
7888
17713
11166
4502
25126
16002
32504
15844
15719
4729
16163
367
15841
10749
16126
31468
383
32031
24804
25497
31644
5279
8739
15580
31765
17586
31408
294
11426
1282
25881
23582
30822
2551
8890
11772
4548
821
4148
24114
2677
9062
7707
16722
12759
21817
16879
5676
11656
16810
29518
24118
52
2949
2407
5426
29355
25637
3250
3082
4919
23938
20703
27391
16172
7531
27404
7938
27328
22031
22586
13922
6941
10178
26626
28840
18101
20478
16260
1472
4054
18856
2209
26713
3454
17045
8554
1933
5744
2637
24535
21445
17031
24079
15805
2775
5707
13845
250
3954
3266
30744
13298
20412
29577
13079
576
32569
19746
18517
19877
10223
11664
9633
3908
22216
17697
29913
22802
26423
3468
25777
2952
12830
19771
28337
5019
9200
25834
15997
17645
32275
7025
7769
9285
18312
23518
3308
13885
12493
6599
24644
9786
28418
20447
6683
22945
21068
19654
20825
17224
7031
16934
21722
2859
21727
18939
27504
24161
12944
22066
21804
31566
15788
15990
29145
19993
20237
24647
12490
12640
7468
1356
11734
10027
24897
1002
8096
7711
22444
19989
31516
5877
8084
25190
28750
15914
15822
21358
9301
19959
18176
22859
19625
19587
29958
8568
4001
31320
11156
20714
20024
1299
12317
27736
15120
21088
6388
6874
25271
30502
14258
30389
2346
12031
727
24693
151
26603
17076
2109
23911
13893
1416
8540
11132
17654
7913
29728
2231
5608
13925
16879
18622
9918
10602
12179
1532
19906
17507
10710
17385
25374
5924
30799
1675
2640
26760
29307
829
12248
3416
2832
20143
3891
9839
9613
11310
21773
2588
27158
25125
12723
23752
2943
14308
28615
7385
13223
161
25399
9686
2567
22460
17519
28363
2186
29256
19406
2031
4767
10694
8535
7044
653
9267
29866
30207
8456
15686
20786
22889
15105
5363
671
8197
18882
26419
7575
29235
24889
4359
168
5012
22676
26298
24962
2927
24847
16231
14947
11347
32522
22972
11218
16126
6495
32253
9872
21630
4850
332
29132
918
8842
3623
24982
5475
23775
22066
20886
25919
9460
4407
14334
30694
30374
28011
25789
3544
16261
21747
16630
13566
14820
11430
8880
7567
32300
28693
2255
13877
15990
20168
21315
21356
24664
11979
19327
26155
26878
14442
4396
1479
28541
20280
16159
20756
2405
7254
23689
27341
26005
3569
28270
5430
2388
28685
15705
12543
25501
641
9037
9068
10937
12355
30206
26547
14356
19430
24897
20390
22089
30049
17858
14225
13695
3346
28661
12646
31224
22531
15183
27415
6375
14699
30133
21572
30594
9592
5941
18198
89
12619
8692
14443
8934
25669
15975
13107
29029
11905
26566
8985
20710
10401
15550
12903
28576
206
18535
16163
30088
14586
22389
11134
8994
6760
11698
3440
21143
623
12204
412
3849
27771
21674
9593
13859
23892
29925
31923
22516
5027
18421
17871
18685
8626
10122
527
6792
21619
27228
13461
27964
3012
27493
7370
20975
26609
4429
28673
11451
28794
27174
22104
20052
6167
12121
11999
14232
16890
17888
24317
15208
11348
3766
12559
29367
25626
7052
1617
14048
9737
7102
24578
5693
20712
5509
963
30453
19725
16238
16193
23573
3362
3595
3859
227
3113
18920
11494
15983
27838
16832
18647
28522
7580
27889
29216
17979
10083
4654
29431
18768
1945
18036
9139
27058
15598
22591
31025
26589
26820
31485
21110
31438
10734
18115
18837
27997
5304
24639
3027
9677
27688
23790
32010
19362
132
14222
10827
32690
22292
26839
20423
23167
32553
30822
30192
9412
14431
6650
27099
32334
19998
10978
5353
26381
19559
9142
30630
24171
29133
21062
19441
3292
705
28624
4702
11191
25107
26486
3800
8004
4790
24814
30859
30486
1732
25468
24833
18587
24513
9501
5770
6129
1060
23045
1506
17147
11795
6220
24334
8885
22383
9189
391
22212
10000
14031
29594
28498
17234
6543
26895
26904
11728
8157
7433
12220
3183
23966
813
6750
927
10258
5126
5742
1501
14159
14504
29888
15484
31726
6548
3298
28070
32004
21724
10925
926
21076
24456
31258
6471
3778
5687
25943
12266
12043
16650
6426
29236
24756
3773
9014
10366
13632
19223
24428
16978
5542
21637
9859
6442
2562
5378
29594
20602
10635
569
29630
30449
18117
26862
13240
19708
11256
1946
24616
21645
31712
15445
19416
3610
2726
18937
12362
1768
17167
30853
23699
7305
27636
5311
18028
6564
25074
4894
12679
4084
6498
23014
24863
5011
31883
30357
2003
15225
31255
17022
27060
2879
22468
15028
25757
10793
7516
3881
21187
2916
11239
11543
31628
27532
21791
18591
1701
18290
1828
10673
9551
12315
24689
16427
26105
8204
16399
17221
26132
13764
9736
24620
22051
30603
30751
15341
1041
1130
32446
19605
24520
22139
11824
19862
11775
31331
4112
21357
23891
24604
24834
17026
12698
10488
13985
11600
14708
5858
16824
24005
16930
231
180
3564
15772
28918
30297
5065
20189
20196
14517
1157
28802
15539
27730
4811
27027
2068
32688
11377
1185
21802
15090
7003
15633
26257
30680
11676
22199
9887
5613
10463
5031
21994
32514
3334
31815
778
20442
27152
28073
12192
31015
19776
25112
18071
27829
2427
10225
18345
10982
24307
31413
19493
17502
17922
12891
18672
9215
24920
31979
12746
13592
23385
22088
25043
14809
12993
12877
27982
26123
14986
3356
16548
4606
20751
21939
12460
6594
4721
26305
24617
15513
2618
439
7829
4269
10304
33
9245
24319
31949
12087
20204
31648
32764
2479
17836
28195
26726
17366
9034
32338
21758
24031
4090
31008
20026
12411
27516
16863
25204
10154
27805
947
24975
8144
23040
5959
31709
6411
16414
28862
18496
13508
18572
10733
30096
12676
5757
31943
11069
22793
19591
16920
23862
5274
8106
18551
5897
7063
7054
6005
587
28756
31756
29467
11322
7975
16368
13204
20129
29632
22781
17702
8188
6329
7474
25703
28381
21870
23884
27309
3214
24079
17548
16070
19192
27124
26042
15849
4547
1072
6506
12525
20159
19048
4478
8633
17795
3558
17900
9468
596
2793
7874
27678
29768
10815
32615
13174
29354
278
5923
24765
12705
784
6881
26050
27149
6805
19508
15200
14514
7021
29081
2221
30872
17294
9212
19061
7345
15922
5501
3815
19645
23853
13683
6541
18795
31870
21937
898
23489
17444
13577
11231
21437
15411
4879
3190
23101
26406
12575
18115
6684
22135
25762
32031
1182
28013
7820
19511
13582
17974
3113
30909
14245
27957
13594
9565
14254
26269
15003
9459
22760
12863
7175
15611
16428
16800
9373
27720
3919
5199
26244
2554
22602
28277
26381
20650
19352
23982
24633
10727
9696
23
15227
19942
8404
16809
10686
2933
27481
965
31914
19505
27880
25359
9507
10489
22580
3968
31507
8866
20749
27319
12906
21228
10628
24720
8547
10677
31312
11768
15368
2669
6768
2560
26872
24010
14866
25904
4968
27581
9396
13085
7784
4516
28297
29245
7527
10433
4382
26107
30202
12523
15165
14087
20185
4995
22546
28144
28714
4778
4492
31732
30979
14513
20998
17943
3626
23505
2343
26226
26143
2589
14342
6094
22108
29108
2194
32625
17883
6459
29746
18744
10457
31883
15784
18918
27098
24998
16955
7100
25581
31216
26133
26954
21041
9116
8170
23172
22680
24420
26586
22552
2539
20093
3481
6399
3854
19658
14797
11858
21382
31568
7863
352
23352
20202
7190
30717
9587
30525
23112
13085
16689
12783
8371
7073
30362
24084
27491
12656
10698
25577
1012
20682
23252
17605
8627
25049
26375
26444
21760
9865
28528
29670
16887
6810
2207
21872
28239
6644
6062
12849
9857
16698
128
28943
15917
15521
2375
7938
12218
30979
5961
18634
24382
27439
10467
7389
1181
24964
12494
27044
244
5054
13985
19430
9016
25871
24727
8581
8218
3186
19091
5224
16686
5948
20065
20920
3917
31219
8511
16719
31800
9060
27292
20845
20349
17904
14367
10925
23199
19239
29419
24632
14449
9624
14882
28729
7107
29926
18087
10385
28992
12319
15401
17355
22679
19018
2909
21074
14553
1343
18826
17377
29730
26300
8523
9532
32380
948
16529
26142
23552
5610
26599
15218
19007
4031
32506
29125
6368
8776
21080
17404
30090
27044
24184
2626
12036
13197
19451
21829
13210
5164
305
18850
20163
15666
27871
20381
27138
19236
28223
27414
21770
31990
32329
20409
22821
2524
32305
1396
7126
2397
20273
12590
5309
8617
6024
21942
6844
28716
22723
8441
19544
24675
15163
6521
22370
25839
13023
16378
25558
18152
24883
31102
9731
32627
22681
21876
23532
20375
9424
1069
14831
2636
15546
4495
2724
17621
16738
14349
1544
24912
11837
24535
9179
10124
24240
7757
27974
24602
3283
18874
4545
9639
11637
30015
17204
24713
19808
26893
7516
8343
21469
27351
7281
18750
20091
27272
26374
17361
10765
26417
28464
11297
31986
8261
12010
11086
18073
26376
952
29916
18499
9285
28043
6665
23307
26175
13541
10078
26404
2795
15421
16517
24675
23132
165
11866
27645
9599
3498
4932
5009
15624
26748
14790
10601
21676
13903
12625
16893
9873
8704
11613
26296
27395
17660
23224
26111
30824
5982
7965
25712
8054
11095
30472
4967
6051
14291
26057
12487
4061
13913
11223
13303
14204
6195
14184
19498
21365
22224
830
5092
13264
25446
22468
7610
7516
14811
8793
15961
31649
6886
22252
14281
28438
12658
4041
10739
2964
10051
24498
27745
23307
27867
2610
13638
30836
14495
5678
12734
22278
310
28349
29526
2477
30514
1594
22223
7864
16882
12183
18463
25553
966
8691
1977
9779
26965
23151
21774
17175
18492
20542
8788
7279
4344
12028
13702
17879
6150
2881
23212
32201
31304
17781
2908
18192
8363
3814
12161
13951
9991
17687
23387
18658
10823
5980
11975
21813
16841
10915
14785
28436
10248
12181
2599
19827
22136
7902
18111
2447
6321
4040
31612
18980
23248
23823
31485
12001
14106
3057
31063
4121
1763
10628
17428
26299
31407
4684
15228
28804
32150
22541
28947
25715
26605
14814
3938
19326
17698
25215
28410
20867
12520
24812
31927
8833
3988
3890
21826
10248
9671
23426
14809
15086
21326
10116
16979
7492
30022
12781
28766
20616
13188
15956
2060
7196
15668
28482
20878
22519
14527
1672
10303
20379
27379
32725
31460
20807
22878
14727
8497
15725
27642
8130
10896
10854
21008
3519
2591
28773
11862
22887
17399
12714
20058
15649
32692
13048
28964
5096
9266
6216
24855
7072
24724
22975
25881
12714
18059
1246
19700
15798
22997
7673
7419
16088
14595
13802
7408
11999
17280
2054
20005
12258
24783
13392
3298
14363
19732
27117
24839
12280
3798
5592
16882
13936
31235
27095
20899
32660
25652
20398
21278
358
28211
7314
24593
25325
1723
6368
8631
24969
2686
12303
4348
8325
9580
23780
482
5867
22835
9700
32291
3996
19714
15887
13080
28575
19091
7627
30425
14010
3176
10271
10406
28223
16725
12321
28806
31273
26942
29362
8749
103
28450
22632
18211
23160
9304
5068
5155
17720
281
28614
19906
17146
20031
25173
24657
25558
7244
14211
12035
26693
11182
26777
24147
29163
10818
29583
7584
14003
27158
18118
13338
27169
30067
5370
21730
20708
9243
9586
32365
12971
5583
29817
26922
7738
13844
14354
18788
13245
11575
7400
26729
26972
25231
20356
22764
32271
29698
9666
19112
3764
18122
31878
16710
351
5497
7595
12929
15089
7995
16956
20360
21228
23644
1255
32163
14725
23562
22702
16922
1019
12123
22496
9555
21288
1426
32584
20794
2134
23966
10660
28389
15443
28899
24409
1913
11464
15165
20068
27719
5062
17474
32404
27195
7586
3528
5622
19575
28931
19368
16785
29243
32057
18625
5716
31752
720
7487
32333
21509
2661
6685
1564
5537
15801
3560
7846
6266
22276
18118
9998
8830
6796
30136
21217
1359
3701
22300
16528
10988
25819
17526
21540
21903
19486
4975
10797
5841
6525
26142
14075
16916
487
20615
26129
24098
21773
30561
19927
23058
28348
3101
19343
2412
21098
18979
7050
11149
9487
22879
16796
588
31030
14844
21965
15325
8531
7535
2385
13302
31831
20664
30651
20529
28802
7140
6253
31666
2168
15063
25683
1545
26264
21320
977
26969
649
3085
6393
15290
25877
10649
31234
20445
22075
21443
28661
18671
12671
26825
19882
9663
21637
404
29427
1826
23518
2877
4119
13719
8738
6609
15746
10791
13631
22609
15290
7823
13840
14845
28565
26785
22066
20690
28330
9448
26643
27986
12293
29835
13643
27523
13599
21107
3888
20794
16141
17328
19876
8601
25591
26393
12338
2519
6348
10291
21850
19263
820
6485
15400
1660
10182
14601
1036
19475
18556
9908
24293
5681
1891
2682
26975
4007
8599
13404
23935
19507
22127
13987
21372
22017
20213
32642
1233
13425
6553
13815
17808
20507
3622
24050
10233
22545
11764
1977
32331
3171
21600
3723
11994
4585
19321
10883
3682
13116
6396
22976
13467
13062
6019
25795
32525
4988
12281
536
13862
30504
18257
23865
2186
32492
13431
1199
20650
18756
21127
890
22680
30411
830
10675
4122
22529
13742
18544
26877
10315
17717
25832
19883
31291
17583
9944
26112
14610
2539
1573
7770
25475
3420
31682
9455
25530
29201
14804
20836
10397
18919
12052
10907
25682
27134
22901
32460
5121
25449
11272
16855
13531
29738
3100
9688
19035
1117
10665
8700
6603
947
14063
23444
16139
15138
17242
9576
32398
26331
15785
2382
30885
11389
24911
4091
8704
16776
4889
15128
9585
22036
28946
26009
4852
6083
6564
32330
32749
24820
28159
20650
31920
26681
21439
20477
838
1036
14792
6301
17263
22205
25717
7057
28643
30383
17651
10336
28893
26308
24551
18727
8154
29462
1879
9450
28830
17896
27591
23592
11129
18652
18594
5042
7368
9830
12252
8637
23998
32640
14550
4405
6757
10655
5762
28500
30943
2278
22727
6004
1522
23194
23847
28961
19140
983
12959
21619
28642
14465
29902
2202
4487
3708
25178
4283
10524
20768
12944
15099
12283
10471
28234
9689
24440
27497
20502
12224
12834
10123
28564
1244
2630
16883
15392
16174
8629
13759
2737
19675
9927
19830
15105
4298
10912
26686
14319
29037
17586
8016
22305
18911
3971
24490
23533
28976
25265
19459
8570
19453
28211
31492
12322
7235
6881
26037
16923
884
21559
6710
31575
27339
8022
1711
22696
17885
9035
28809
6696
25458
1684
27615
11480
16530
17888
26415
22407
4579
26647
8022
12022
30514
13210
4027
5433
3407
18636
13002
18528
21022
17873
9892
17495
3819
22422
2580
31755
15614
23569
9670
11726
6255
31178
13747
22269
21820
20634
26336
2784
10905
10162
23880
12497
10375
15584
22038
28065
2984
6414
14872
15415
850
3596
13425
31098
7650
16783
8590
26482
20307
27001
27227
27561
17935
7514
8118
3288
516
24887
27172
29631
25083
19851
8642
29525
6949
30860
8831
23585
20215
1199
12425
7912
13112
30830
261
648
89
17225
15107
28964
6660
5131
1201
8321
9719
25678
28878
6576
1299
23873
24674
25582
25264
31145
11437
22216
20020
2342
11613
22403
4836
30904
28420
1466
16890
1153
11720
6985
8951
14029
26717
874
32314
22607
7984
27934
30162
13741
5093
23759
24721
24128
7428
307
23393
16405
25071
20339
1243
17719
4888
10893
5910
22064
29296
6647
21437
26061
16419
21381
30309
27170
24450
7308
8477
26318
18496
17992
30534
27776
6114
18811
23205
12730
22385
17751
32438
10453
18802
26014
17987
14150
21528
29704
7990
29215
23479
6373
20652
985
8572
3843
28490
8016
31324
20178
27604
9231
29258
29894
28667
22478
12205
26365
32119
22841
11025
32290
854
12275
3868
13713
23956
7643
21700
9915
29419
5518
28608
21452
25836
31277
7996
1420
1615
3168
14033
16515
2952
10394
29620
5473
10651
15007
12846
20637
5936
2628
5964
19803
9194
17782
727
28563
23029
27518
23942
2416
24030
32131
6003
12278
168
6225
27340
17128
14364
23385
14027
11241
29024
16632
1768
6369
29131
19452
6733
13730
14840
11876
32650
10444
7961
19815
6282
22509
3726
18104
6853
14061
12215
23305
24504
9898
22534
25038
6546
9951
1368
10819
16433
24394
21125
28080
19020
17422
6709
14059
1778
22870
15350
25375
11059
23099
14220
8141
26653
18152
4744
2576
7402
7675
15389
21285
31095
17711
25390
3626
9464
25912
29355
2854
15595
15599
10270
25418
16458
12207
30849
6775
15109
4863
14163
31232
17839
32625
13291
2224
11639
10442
16651
17423
22619
354
23224
32481
14744
11470
24137
2288
27237
1469
2239
1035
15072
15136
12116
2639
20297
18574
26199
2469
7534
19942
2614
30860
24166
2614
24285
18457
18562
32219
14654
14139
9601
30698
26417
27460
6403
4815
18815
29093
11073
25652
21561
3833
27642
25637
26959
32582
16817
20337
16733
2943
14613
2387
22216
6221
26817
16465
1802
4622
15653
23141
24138
23071
16580
27739
16688
6486
13473
16506
26871
7123
3315
12390
26052
6649
9760
22085
6966
4791
17897
22817
27454
6924
15586
22669
817
18122
15398
15244
32539
3738
13128
26286
22359
22336
19085
7548
19548
32288
19800
4886
17626
3841
6373
28187
20998
1810
25402
17353
20017
18730
28251
20070
18848
10068
31678
25310
14744
9611
5118
27053
7608
22978
30419
24319
3980
3368
18242
7702
28766
681
18449
31725
10575
1720
15486
29979
12711
11340
16689
29433
20330
23336
12654
27655
17964
4960
27791
25484
26661
2585
4018
3197
15752
912
30639
5024
13841
3678
8013
21745
6365
1018
11701
69
9855
29311
18726
28973
8528
21423
491
15901
12294
13624
27018
17102
20105
13879
10815
10720
16642
32251
12968
14788
15668
4107
18882
26841
15887
8554
7956
31957
13698
21273
11050
14695
4242
30174
29765
25115
16809
15172
2897
4989
17712
30691
21783
14209
21599
23265
29620
6434
14932
16057
25674
23370
32611
30523
9461
22258
24238
16597
30465
9354
14837
13584
4442
21659
32687
26717
22339
7083
14169
5394
26443
30049
10254
30640
5757
745
19800
16487
11224
10394
3654
15836
28671
11990
27326
9513
25905
27186
4885
6949
15226
11991
7645
25319
21803
4905
20478
21893
28553
17830
11017
1825
17346
31248
13768
15655
13349
12750
13082
6608
22929
25488
15101
8427
1326
17970
27117
31196
2652
17123
6765
4837
25833
21126
23779
2468
3975
19032
8616
31965
7805
23507
18784
11130
29340
19411
3975
1232
6261
9464
845
3620
10185
26955
676
16750
14145
1828
27543
18780
14431
5451
30685
16026
20405
6749
30382
19025
32085
25457
22741
20974
10632
11772
17159
4132
27075
10482
6771
16180
4566
4398
16282
14444
25959
27924
27489
11501
32159
11125
25188
23474
14115
10674
29326
26830
15430
25893
28391
14837
32637
23484
7596
31806
14867
24551
19621
14119
17181
25525
32691
4314
21169
32570
28073
10159
1363
13875
16220
9457
13232
16621
17662
27877
29327
23650
5543
4104
20228
26021
19765
24985
6886
17537
23638
22359
23940
26973
7907
5772
15508
25187
11376
21066
29036
19426
5921
24309
7797
8176
3263
7937
6364
10579
3594
11517
31370
7586
12369
26321
4183
8871
7489
15940
30842
17160
17659
29377
1348
5670
30313
6234
14351
8006
20945
4109
26737
10223
18858
21830
27573
6546
9647
17574
20619
6769
15411
16387
766
29113
21940
21424
27815
30449
28338
16638
25888
4248
19393
4610
1724
1546
5086
6809
15221
10404
25855
2730
5670
6184
5870
30123
19451
9827
8278
29543
25125
7693
21022
15870
25554
28912
23799
28973
13404
4429
21809
20175
20928
31355
10451
11428
6995
11473
15338
28498
28848
8390
7969
13993
15605
30039
5266
7979
16943
23977
22236
15564
14610
4592
22134
13046
6382
18319
24899
3536
7134
29825
26726
16576
21315
25079
22615
28207
24688
21058
14134
23692
9639
15860
32096
15507
837
27714
23617
9423
30009
27309
26473
26205
9402
10210
21473
7924
16954
13790
16831
11298
15253
30549
17400
25560
8847
15445
6774
13865
22397
4647
21098
7247
19522
19062
16612
30959
29565
32178
2977
19870
12289
3255
13347
27043
22662
26026
22791
30206
9118
4132
8596
682
4074
17555
1936
31008
7309
4829
29527
6172
26081
23622
24110
23715
31337
9363
28372
31813
31751
32367
17498
21664
24943
5903
25397
29733
27612
9490
30866
8223
9474
16043
26601
31728
31043
23297
22229
13726
16933
726
11043
23439
21764
29799
12072
16273
27140
16020
20568
2846
28490
5953
11285
26845
7276
28924
24261
26475
23077
5088
18727
31068
21070
15801
16359
13949
15369
3433
22896
16988
14400
15754
19969
31755
21070
29268
7683
23328
30971
7873
29338
7680
942
17648
27770
11614
6110
5575
21756
22782
714
13277
25968
20927
23402
7575
6325
1240
165
657
15112
15458
18372
2111
11290
10519
28455
16852
1893
14681
10550
24418
9919
24950
21403
22595
13104
14634
11951
5305
14337
4709
10545
23249
27669
27983
5182
653
9597
28041
21373
13633
11078
13494
23963
15422
22933
17979
8439
8878
19447
22594
8350
11967
498
13829
23929
30212
12768
5961
24517
4376
15869
4392
29892
12932
32702
1044
29874
9442
23908
11033
9467
29763
24018
12386
2731
18127
11931
27391
16678
10411
20576
10726
10521
20256
23897
12343
944
5881
7729
18116
19978
16940
24855
1744
28906
14525
18194
16919
6319
20704
31636
11279
18822
25182
2643
10350
990
10553
18260
25324
3356
15251
32072
5194
12432
5836
22044
6291
3240
2027
12748
15010
16484
29503
24440
22756
3338
16198
27833
18271
16411
26317
32565
4851
31109
30297
27761
2528
8730
30918
999
11657
9793
5934
16217
29048
18668
28684
19812
27553
8906
27041
10840
23019
8637
919
15175
8428
7310
27621
8028
10228
20192
23282
11118
13902
20834
31485
17365
13762
25161
24252
2173
32350
4606
19267
1849
3959
10259
22824
26713
23018
21628
12517
18814
32679
252
26237
15021
11377
22237
14435
4515
27615
19684
13719
1896
8359
20868
3858
21543
283
25938
6244
15677
15604
14777
15260
18832
12367
10223
25704
4130
18421
5159
9853
21734
31455
4361
9017
26578
31994
22367
29319
31285
3879
26129
4868
24139
4230
24147
9568
25870
13556
28701
30470
20048
1234
27355
8191
32519
2569
18023
14355
29160
20042
14388
26418
5687
3739
10444
21779
4317
18447
7548
15387
5051
468
27213
9088
16190
30835
16439
1198
16947
3668
27538
24554
11229
9601
22221
1077
9285
18091
9570
3699
32466
14706
31497
25548
23321
29153
17197
11091
18422
30520
3228
2789
7388
10223
19842
11092
32105
32503
9112
18373
15166
15939
25753
19543
2573
8839
4854
18438
14835
1088
2762
13774
27657
2548
31504
24851
30006
20411
32532
26944
25415
10238
27687
10415
22593
22911
10135
713
12277
32409
6366
23918
9174
27082
3098
18839
24840
13166
6333
7993
17593
21709
24710
4205
12980
29784
15024
30671
14899
18224
8041
26147
31989
11240
26501
13119
3217
25228
13428
5669
12810
1506
5233
2159
21411
10735
14077
30960
27893
17341
17804
4504
19774
15964
13438
5272
4092
24871
8272
5319
955
27464
2836
3396
29483
2175
3614
7261
1141
799
21505
26032
8911
22361
28346
24464
9807
3004
24106
4011
11772
29437
23242
31465
24619
15092
14490
19607
1289
27880
30298
30916
12148
17164
19709
24043
26639
30537
21339
10707
3733
28478
2598
1460
25965
27014
25631
19867
31615
4153
7817
22287
26695
5301
32222
2805
3623
14494
17090
22193
22274
26659
27445
14478
7942
18819
5132
27488
16841
26064
3746
30056
32152
20212
32459
7799
8460
26353
5385
4438
14045
11373
14595
11366
9211
12397
14386
17796
27611
6497
19678
25903
3855
22369
4425
15597
14362
28086
13098
23786
10882
30108
31580
27875
10279
15942
32216
27714
16594
11811
1505
15755
16401
18784
4734
246
11587
430
30509
606
4591
13125
29910
15961
31322
29480
24318
17065
25688
4779
8509
28115
4194
31795
14578
21005
26857
19774
30517
16221
29674
20899
7949
14592
707
17434
13283
23049
5189
30718
3127
27978
7434
20562
31890
15479
10760
10243
11964
23177
4455
3948
31022
28001
9616
799
19146
15022
7815
32739
32458
31760
11642
6137
11511
15998
28314
28068
18971
20709
11561
14056
11448
1553
11732
11921
18938
19921
29508
5751
16107
26966
12528
12033
31206
16093
24629
18408
6222
4238
11176
20029
19583
6819
9387
31662
24581
23756
30526
2821
9741
4818
4120
5617
29208
8315
26871
9
26359
29871
28468
4878
12787
10200
14490
12400
1612
22927
31352
15380
27877
4468
30453
9301
15421
10077
21668
11081
19617
30388
5208
21829
15520
24858
6458
8355
22976
25680
30488
27330
367
18264
31488
9807
3644
8919
8718
18115
9543
18622
29314
1325
30710
20265
27413
25138
19946
17032
31886
2386
27442
17148
16784
31085
9918
4356
26806
5765
17686
19800
1250
2245
27468
28693
14289
3266
15918
15131
27379
6402
449
11187
2682
31931
19691
12150
30385
23516
9584
8298
8080
11345
6176
19565
32397
6275
8526
3031
25268
27423
31107
11099
17146
26649
6772
11566
2767
14064
4146
9579
5362
16947
27297
13751
18569
12356
25387
27681
3185
22876
2741
2379
1235
24271
5074
29135
20216
18322
3383
20188
12126
17914
8304
8736
26123
2758
10449
20715
7457
18784
13998
27281
9651
20832
21199
11792
30423
24914
5662
4850
8956
5817
27043
22901
14206
8020
690
26090
14968
3999
28515
27483
15066
669
18243
10608
9915
26325
21577
16787
23536
7322
18444
26451
9949
18832
20786
28678
9099
1388
9516
1459
13563
17403
21025
303
1722
8294
27943
12165
19638
28084
28857
1691
13648
12432
24422
3347
16818
26189
32454
31088
30819
15655
16050
19578
9752
8652
8372
27363
8398
17947
13245
31274
16661
1323
30742
1216
1455
18575
16281
10602
5465
21208
24097
23014
4841
4956
15935
27857
30617
26422
11823
1736
26531
27534
30986
7886
13582
17691
8252
8685
1223
229
18745
31264
18931
29264
13164
31857
2948
12886
19056
607
10250
9236
10371
12930
3020
8840
7480
15474
3352
15257
3180
3044
25303
7255
14714
14102
26980
4741
21171
11374
10655
18261
20744
25438
22077
6002
10
5258
13154
11331
16917
15661
7281
14959
25799
29112
7203
2460
6583
17341
19158
10621
26468
16140
26408
30731
9836
16924
23749
23826
24319
13740
11645
24304
6802
26537
28826
29849
32216
3411
23664
14559
16110
12444
3637
25329
19414
3280
1043
10273
13606
7803
32124
27370
12545
27272
13758
23345
19015
16550
11479
27595
4105
31984
29322
16704
22848
3276
10162
32206
28862
15123
10711
3761
15716
1907
7423
24226
14998
3346
18374
4510
21740
15476
30129
11752
32554
27807
21440
22097
4979
1917
31554
31159
21689
21889
7917
7116
9336
11405
3630
6936
16548
1556
702
6210
7648
16508
27766
25227
12784
4038
12132
3483
17009
24944
2078
5248
3015
14234
2646
11764
21592
16233
28079
13790
16376
9897
7375
20508
30627
29878
15030
10368
31090
27292
4686
29720
9416
11901
9283
6067
22220
17971
18196
6048
11037
9527
3435
13497
13505
20929
26282
23201
17246
25905
11718
17225
2220
27566
6744
29625
12842
26381
18417
30221
19216
30964
18350
29885
31365
30783
28685
6946
29203
30114
24319
24374
8280
29584
25151
6300
31742
21852
14817
2272
31469
18847
26926
14591
2494
13273
2479
20522
6003
22875
21640
18375
2406
21860
22024
8377
11136
6282
32637
32225
28843
30555
2893
18404
6026
3141
26434
15919
1895
28851
6438
6457
31085
4473
20880
8712
16919
8818
8445
25335
20200
30055
802
21942
11357
14387
13441
12946
10272
24101
1595
17655
25470
14502
9253
26931
27163
796
285
6012
8420
26126
23967
8245
8518
13704
7315
32109
21661
28353
23145
23977
25584
14587
31336
19427
20443
28075
7747
6354
17612
27610
15342
26988
32627
15051
17839
3754
21875
16350
6264
2699
13918
2996
9332
26203
14560
660
992
15925
2106
25613
29724
9671
17906
30173
25858
19029
13257
22034
4726
30208
14830
14447
23614
22601
7537
4881
20501
14289
31482
32339
6650
29026
22971
19438
20174
26675
27299
6501
17694
19304
18389
24992
28734
21721
18520
20950
29079
25876
15376
26033
21569
8357
9197
3757
9941
29333
14946
27330
26492
6192
24601
20034
30284
6667
16613
9476
469
22086
17656
28354
8694
15
8790
23232
5366
14439
8841
18094
21199
9257
28822
9424
27341
9032
817
3420
24408
3416
30509
32548
29710
5968
28214
4980
8726
18062
17858
10558
9904
5403
14917
19316
24592
11057
19108
22198
27756
20986
28653
8749
16212
923
32069
12215
8514
15473
15394
10052
19826
29082
6330
8576
8691
20664
29371
1458
5631
11505
26172
32483
27272
15675
8435
19524
18707
4054
6057
28874
17609
22297
12268
1563
29131
29554
12804
13997
1735
24233
5928
9004
15561
23652
2033
14109
24915
5104
7950
12482
20143
30526
17466
24637
16004
6956
13163
25079
10920
25862
1100
22595
12341
12621
17902
26687
10463
22455
698
32251
28292
12406
16555
7134
32005
32445
20922
14661
26197
25729
2201
29804
19663
17277
9635
7058
22477
12152
4116
20824
22134
21962
12149
20587
1239
32285
31067
4706
10038
2161
1873
24042
28578
3171
18707
32
25039
32174
9981
13630
10529
31218
10434
1146
5383
9140
29793
4907
12170
11942
14677
13102
8742
297
23564
12424
23768
3857
30107
8780
13176
20904
31664
17088
25929
245
9416
4795
17103
29246
23714
19537
26080
16331
23795
26802
12286
7661
15963
15696
740
319
5528
29760
26463
31276
28922
25571
5727
27057
18966
2501
6222
29540
16319
11461
28320
20662
11314
27255
31660
26997
27537
13254
7354
21909
26259
31966
10845
11311
13689
9289
21251
17354
28484
21847
970
18394
31013
27076
21397
18310
27189
3733
9312
8622
22374
12355
28368
29229
7097
29211
27662
25691
28850
13541
4566
3798
27402
28868
5323
15491
12195
26205
25870
18127
29889
27451
22798
25915
9078
21874
31394
5655
11614
19075
10837
1165
27277
30080
3328
4066
5062
26737
30623
22521
11501
11509
19805
29465
29631
18477
1009
12527
9921
13781
16941
3799
14454
7860
19668
16727
17109
20023
13741
30444
20218
11097
213
14346
17692
14533
13401
2142
6335
24639
1540
11606
1323
3392
7030
15843
28188
23264
4214
24446
14523
22777
14218
21609
12493
11402
18628
16183
20011
3929
29406
16270
28274
29405
650
19500
22267
19034
5123
28200
4878
16462
744
16762
594
23308
3146
24254
11144
21671
22276
4661
10105
10769
22090
1037
14381
9604
14981
13794
24670
26657
25694
31108
3884
14040
3609
17659
13331
3719
7973
1992
20249
17254
24049
25966
20812
12194
29697
31025
24939
13640
30784
1822
22756
5989
29592
15947
3326
28268
5056
28768
14424
15319
85
25174
6290
24849
1581
6783
5194
32148
3304
20423
32074
30798
2759
24121
17151
14410
27330
25797
10542
20620
6356
28736
22242
9021
10394
22444
20905
16392
18972
11706
14591
451
235
27533
22027
12114
20844
14529
21385
9160
22643
29868
12808
16848
275
25827
19541
13900
19637
11520
55
20027
24936
29603
20316
25568
21112
22711
3220
10017
22338
8439
26941
17709
25670
15024
30462
13153
23166
32712
29113
8557
16623
22783
26042
22194
15485
9845
1589
32495
14851
4461
18415
10781
32419
11088
5179
919
4699
32245
10280
1150
14553
28959
29689
9564
27793
10567
3797
21255
4108
17308
4800
10953
18819
4937
29898
16829
15532
17398
11654
31612
5844
1425
17854
13305
8494
9550
7013
16554
19819
14316
29389
3305
28810
14651
10267
21913
8178
17627
5367
18444
25790
19526
32392
2084
14680
28176
8095
25017
1353
21102
9010
10555
2895
12534
8973
3993
32176
25509
32452
28001
11471
11046
7916
18728
1021
2129
30858
7468
18577
20211
25804
8248
20283
21965
8439
5576
7061
26591
2721
26990
7675
23270
27680
6516
925
28451
27970
13507
19666
23646
31807
28675
7600
12331
17131
5636
31961
24940
31792
22365
29847
15639
15804
15699
18988
4153
2551
17404
16227
13115
15928
24484
4715
23140
12600
29039
12261
20384
5575
28480
19260
31104
30141
17114
20789
21377
22836
9285
26823
15249
28148
29556
30252
14543
17199
21796
21560
8083
28015
5895
14314
13998
9932
7970
29249
16883
16226
27251
1104
5622
29186
24280
14741
6419
28968
29740
15495
21938
16429
30899
22894
458
11454
29880
25463
8100
31885
29044
28680
7138
9030
10034
23633
3263
5317
22193
20772
30360
1926
20938
14598
14764
15197
30546
23686
3360
6247
9794
6349
11078
14912
27669
25719
4894
15222
29298
5793
797
21822
28683
9283
4398
10086
8389
18369
1015
15499
2329
18108
20829
7820
2234
18990
26186
3902
120
31926
7085
14690
3940
25392
31939
28116
11061
9097
17046
16645
6122
11729
10435
7338
689
31634
32639
6582
17416
22881
7900
13958
3362
28338
8009
15708
1164
30705
31576
28431
5648
26318
32453
17921
31194
23768
9907
25936
14041
13389
22328
2129
9320
2864
2588
1594
12078
1181
23262
15902
25922
13402
5112
32543
3475
26798
8548
16607
20104
18038
3167
16439
10211
27509
25709
21548
17387
2796
14749
3870
25546
14442
3086
67
27444
21734
21682
10580
20297
21003
2898
31878
27837
16339
19923
30396
2358
22615
3255
10747
1013
32230
24807
19486
31161
24404
28335
7627
24544
13972
31242
15781
23248
21897
4128
15299
21397
29978
27149
354
4299
31365
27876
24790
22207
9973
27379
25031
21201
25942
2633
7577
22045
10856
29814
16428
9050
6930
13202
198
21505
27898
24705
10061
6322
13650
1652
29114
22741
6645
24499
28106
30077
6322
20379
6902
13201
22759
15842
26790
4397
15186
14115
25762
2630
7205
30358
11721
4237
31576
15646
32517
14998
32579
6538
26238
28218
1388
1556
32014
2618
13726
32558
12790
21284
19259
30591
32463
10107
2258
19752
6083
16146
2548
9291
27644
31161
26436
19150
2653
283
24782
2396
15984
16871
666
1453
31136
46
30592
6664
23721
2829
32317
17926
30028
21387
13511
7320
1095
27332
11742
21323
24452
11080
1252
22219
17553
4542
25582
2214
12112
2253
12315
2643
2288
11324
20517
14707
17179
18263
16693
16726
13169
4757
28156
26049
17206
29817
31743
27375
18247
18870
818
16085
5203
30870
25545
18347
9031
21404
11851
31655
23050
3945
20968
9740
19563
20444
1292
32099
2392
4221
7220
28424
18512
27676
17153
17385
2842
1973
19338
651
1976
9367
2039
12878
28311
7621
25164
25585
24840
21661
9858
9048
11252
20663
13020
13965
6858
5904
632
19974
30397
31848
17957
2598
1581
30440
32628
31237
8290
13064
21010
30580
10624
28592
32596
1084
2743
26013
16404
3239
31419
15879
28860
13122
10868
23681
17312
2528
10742
32
28049
23522
6579
32735
174
28086
31727
9794
27006
21918
14965
28730
16956
20915
13449
13129
28786
16169
26909
28390
16586
5844
4424
19747
29984
4843
16115
5773
30939
25101
21462
7508
12158
2945
25763
25516
4474
26818
23680
370
2887
22587
29883
3347
21170
3407
21689
2986
9849
8604
28208
11368
11285
19329
27030
21305
24535
24029
14042
13988
19254
29978
5713
5363
30056
30059
11763
17557
16943
15953
32455
9152
13046
14180
20124
11099
15900
6736
23034
10522
12432
7710
25176
25835
19870
26549
27791
13713
8456
25504
17295
18574
14169
27921
4945
8519
12406
26150
12301
4963
24694
9580
23980
15476
29363
23714
11136
16601
17185
23743
14387
20451
25055
23350
29181
13110
29964
7288
10010
28018
27868
10170
31356
11283
15851
26617
4285
4246
5585
24124
2391
5342
15862
18714
6167
3797
8360
25979
21199
5974
9322
11427
1868
22603
20879
13164
11655
1554
30216
3794
18975
2086
15227
25013
21767
5371
25493
30683
30844
17705
7840
4661
15419
25037
12376
18531
28912
29228
22266
9081
28657
19610
10399
22020
812
11931
23240
13640
2399
8263
10298
22476
10887
9971
18700
32025
12442
2829
12542
8894
22648
13640
2060
27287
12063
26361
4419
13903
20255
20929
29652
7204
4687
21101
6759
6378
3005
21274
7345
9043
24043
6301
26441
1133
16696
32546
5559
6508
20124
27154
13006
25258
25240
27451
21309
1004
11373
25899
15968
6631
15757
11484
6492
2307
11599
28311
18538
10590
9446
23058
31347
29716
26516
23004
4830
5566
11035
23034
26022
2616
21621
25043
31151
9640
27844
1353
17754
11963
25228
28969
6487
28210
27424
5829
11706
22430
6234
15071
1361
12135
30351
27593
6965
21011
18114
8907
3744
197
10520
5317
16638
22276
19340
30229
6727
19902
28900
13755
26507
28557
25572
29627
1999
8760
10945
14019
23319
10621
3801
9486
10180
18190
19616
17544
27168
7129
32734
1587
16952
11916
8216
8393
29674
15193
8523
32419
11582
12535
3297
17113
1786
32489
9949
10667
29552
6402
29529
18464
3995
21545
12338
28396
2666
90
5890
13463
5724
25581
31566
27356
6477
31771
6401
848
3728
9918
10009
10052
20285
6488
673
1771
13516
18775
1503
9152
18915
10647
24526
6690
32109
24873
32719
11841
3052
24403
27035
8254
4880
28887
1404
2958
904
14968
16573
21920
25880
15547
4702
28607
8428
17643
14349
28729
17964
28511
16210
18113
31952
7936
12042
4114
6838
3589
25878
19669
3825
23553
31828
32709
5989
15648
20174
30481
29841
11949
26674
17665
4011
21720
31875
11229
18162
26039
14093
267
21568
17802
30110
19319
478
14403
17395
8504
8605
19526
11121
2160
31266
25197
11030
24435
7810
30543
27566
4140
25615
4546
1098
4797
27249
31390
25326
870
27128
8644
11658
20392
15408
21599
12075
16042
21174
10346
9587
22747
4171
16755
583
29401
14375
21150
30151
24466
26511
492
21635
3497
19882
4285
11755
5147
5521
28052
9992
29218
13989
4891
28010
1625
7973
22631
22114
289
27904
5756
32369
22084
10471
18196
31999
29145
14247
156
80
13416
30134
29568
26037
31310
12555
19624
8703
12898
30003
8515
3641
18392
23970
18371
27799
25446
25159
16936
14761
18342
21091
7554
7636
19644
29082
27313
4867
16184
27467
13424
4762
9790
4125
5778
24492
13540
4570
23178
16749
27355
12673
15665
16874
10322
5014
16836
17655
14615
11965
13868
2921
6911
2183
19587
30342
905
13452
28115
8122
26814
18874
10785
6284
4443
16876
27050
26319
28722
30654
17260
4381
20174
13984
7400
20353
2902
4394
30503
13428
28083
29104
3323
25099
22517
6421
9863
8046
22003
32740
17921
25228
20530
19868
4535
8717
26121
23116
8016
904
13058
28256
1109
14839
898
13499
20464
10344
15533
4870
20979
7413
31620
23623
21275
14325
12112
4533
8855
21364
13124
9675
7364
32481
11102
30107
3899
25351
10382
27749
7693
8767
22554
1384
3661
2275
16961
8184
6607
8709
23583
22993
12336
1121
28880
25515
18710
27537
9688
1038
11193
29056
7874
15464
20387
31777
1032
17501
15028
13153
28979
20318
104
4954
3651
20605
18013
28361
22609
12415
29199
30146
23923
10803
25574
5282
28640
16643
25460
16198
5205
1481
8439
31866
12215
7652
28710
17844
14329
16522
8234
3843
27712
7775
5354
2882
22597
26439
1419
145
9979
25209
1079
16646
2163
19670
13086
7071
12028
29048
19131
22907
10126
12429
21849
6986
4457
26726
17365
11011
30969
29899
16293
5589
23037
14482
24089
8799
3304
25968
6369
30499
9095
30222
12240
1336
30949
3679
22496
2880
30828
13874
23413
17562
24652
8707
4070
6361
801
32279
17465
24436
19664
28616
3374
3006
3761
16669
4736
21785
22260
27293
16743
12135
22333
28517
2145
10178
7826
16249
50
31085
10871
5208
9769
28426
4951
31699
2982
25613
22566
1310
7897
31344
3397
17448
28876
22697
29350
7976
7332
985
13616
6776
13348
10822
24421
5799
21874
29195
15682
13514
19998
8206
14182
21778
28512
11059
26999
25508
30625
4047
30658
26532
13629
30560
26657
2195
18056
2171
546
32220
6927
29445
31333
7337
6688
3238
27974
30715
4748
4475
27836
18170
22443
23819
9601
1418
12193
12157
24436
798
30432
21256
23867
21457
7406
13738
24364
22451
24169
19229
19822
19552
24648
19207
19803
7384
4195
8049
17961
25482
28470
6010
6346
21170
9953
12876
3856
30437
4980
5712
17941
2026
8298
2206
6106
15308
8051
30904
18478
20525
31863
29815
30930
15837
29399
6213
10458
19116
10230
20365
17238
28028
20216
31088
306
14490
14793
17850
8795
15950
31585
24084
16931
9136
32583
12155
19175
21950
14932
26608
19695
5292
22714
31857
15509
18811
3397
19241
23466
22989
26080
11748
21013
28152
18778
4293
14781
23897
618
24891
8618
13547
31729
26929
19559
3095
4736
27269
11690
7118
7962
3772
27446
19414
7995
32500
25857
10849
7704
14361
2194
484
17193
28508
29614
294
10725
6881
10803
10648
26317
29368
25412
30692
23979
32271
12710
31432
19740
166
2922
19493
13132
23683
29901
8275
28673
15334
21084
24504
18395
6015
9820
32409
11482
27871
15720
1839
28704
14637
3676
2558
16632
3098
20850
26722
7448
18198
4779
11627
5667
23749
17265
26858
4210
9388
3962
16588
24340
5937
30959
11431
24851
1474
32718
3987
1017
9044
22669
9275
20371
28943
30208
28468
24309
25415
27260
11149
27326
21167
25661
26023
18590
3529
18693
14406
1045
7841
13574
24553
29821
6331
24834
6231
29770
842
13233
30843
7569
13218
611
16497
12231
11248
17638
19937
716
21033
16554
10892
11047
4928
28451
26916
13204
18076
9071
17505
4028
26057
13113
13393
11331
27758
9949
28144
16391
29823
13516
248
17063
25267
3123
2042
11331
14137
13015
7854
25219
22183
31299
4744
30427
24371
20518
395
6669
24101
28151
23394
26863
31116
11226
30893
30318
25136
31431
15513
14035
8649
18921
29875
12357
6510
23364
27390
5263
17488
19355
24130
10276
4776
20881
21672
6752
28910
30734
31876
13073
20300
22500
3954
31030
15698
5299
27556
14087
28139
8458
22394
32565
14224
3534
9043
6002
25787
26848
7588
27700
26783
28410
3399
29110
19478
5338
9749
5696
26331
11171
11190
10665
14585
9344
14008
24090
30851
14218
20447
17940
10118
29164
21948
29621
17980
28484
24705
7479
30082
16973
6164
27321
7564
20668
12386
20802
27864
9831
32758
7939
17248
940
25802
7388
24084
11025
27485
26914
22151
12840
27653
28576
19177
22966
4743
8923
16949
12563
997
23195
8363
2260
5751
31654
16513
30888
20541
19663
726
31872
8052
7471
27879
27891
359
8115
9605
22240
2952
8151
26311
30293
2751
29616
14332
22703
11522
20272
995
27139
26918
23718
24351
29117
6389
16004
4837
17031
31104
24165
16376
8557
1463
11598
11735
10302
24374
14644
6708
10037
14690
15295
7337
18904
31413
1614
29351
801
2134
28475
18351
1244
28653
9312
19908
18000
25525
1754
14880
24097
15571
29708
31270
13173
30694
8167
13464
19030
24543
25705
27402
12120
23315
10852
20374
18043
3726
20353
8914
338
19370
11652
11775
16485
31713
9938
11651
25557
32480
23600
16282
20286
11996
28621
11080
25825
32553
31107
5010
15363
26889
4186
27373
5776
6850
3406
15095
23044
7411
27474
5221
3979
25127
26772
15164
12135
29867
19715
25413
15251
13981
31247
4282
28070
26694
10159
28998
31737
26794
29353
16685
14860
25692
8206
4294
6182
26263
14851
32306
17980
139
27079
14152
32276
31477
13042
22479
14507
17906
29691
30704
21203
6933
20477
32490
25888
1463
26043
3592
21253
17806
30689
6097
21819
16258
27277
30590
866
28859
14861
7345
8427
6143
20203
8035
12597
2363
21286
20510
5878
24415
27843
6253
17117
111
388
16274
13686
10199
26616
26486
22605
27392
10676
21990
29270
27680
15071
24059
15244
12118
19188
32218
21465
17910
4803
1182
8502
17442
17337
21651
22803
13466
31842
5541
14585
32468
26156
27672
12910
29520
24686
1913
3609
29222
23720
7636
18982
24545
20493
10023
14316
23695
24126
27927
7373
28953
8537
17122
23134
9937
13106
31125
25032
15690
23520
25727
30319
29292
2428
485
977
4295
29989
7159
2736
14376
6471
30211
26995
5226
23837
23017
970
30351
6517
6607
3473
1040
23220
23061
31991
28784
1049
14219
26591
29975
14406
7650
20614
31582
11004
25185
9574
11495
16422
30425
30811
24111
7193
18651
12549
1894
2330
8488
15981
16254
22048
5993
3051
28034
4828
28193
15687
9257
19703
27359
30238
23467
12955
32440
12423
32211
15924
21236
26359
30805
20344
3592
5474
18787
21925
25797
21923
14971
28425
19406
6942
15747
8648
23887
20900
8215
4570
18156
25495
2338
22611
21496
27470
29867
24551
26600
5050
8690
27309
32007
27722
10172
9507
31595
13325
8939
27251
31783
24599
13137
7668
19650
24869
15046
15860
18152
27780
4728
5045
20576
19502
10883
9397
5950
31287
18370
18738
24154
2919
21476
3054
28160
11561
29634
14128
31977
15011
22511
13067
9578
11559
31633
6370
15084
27594
17776
8236
5020
15954
16205
18549
6756
26454
22389
25765
15641
10656
24726
27525
2806
15574
17360
12671
5961
30042
6415
28582
29804
9070
6553
15350
23287
28060
8419
22236
20788
10837
12201
29177
26323
31960
9533
21539
22751
14677
8992
32428
12785
21586
20175
14311
15012
24911
26079
7913
20040
25765
22604
11405
26587
31924
23823
17851
31541
9789
13550
17129
28290
8205
3992
4321
18421
12764
18161
20165
25531
23156
25771
3409
17966
10518
9750
4961
24140
17945
29241
19379
19559
28372
30241
16365
285
26814
23417
17634
18571
12244
19803
15377
5566
25659
16230
3694
8810
15143
11025
17510
14047
30459
14142
24349
11832
10930
32275
22266
2774
19581
25861
25445
12045
23469
15157
28623
3612
7636
4608
25075
26979
14119
977
5468
28112
8743
23866
12328
17819
19073
23620
13579
29235
20274
31235
30359
632
12270
29293
20410
31018
27075
32364
17800
30625
18170
29745
30266
191
26174
16844
31095
26660
15616
30201
5587
16800
6425
19261
28566
25838
26033
26930
5310
22943
14176
20511
2631
16212
25492
8908
16041
1584
10035
17045
1443
2957
8321
29116
311
28398
8259
28676
7158
13109
5669
17787
30845
23
7257
12183
31296
6092
26241
25732
19334
21771
6095
8381
1205
17717
17514
13018
22736
13009
8724
31144
27454
13368
11275
2175
13005
4753
15916
26064
3574
7424
27486
6142
27747
15387
4910
29807
12718
22942
31415
25826
13676
28767
27845
5891
1130
22660
9530
19004
18230
9203
2992
12239
29153
7946
351
4386
8452
18833
17985
12377
18433
23532
14709
5930
5259
11413
30946
18413
11113
2506
9244
1267
8822
23427
18059
8729
23533
8615
11466
5277
9955
8831
10573
13616
18709
23915
3143
26700
21988
5588
21194
8391
30366
2657
20784
28841
2047
11374
23739
7227
12536
27578
14456
25440
22190
27231
18793
29992
4550
11528
21986
16803
2272
7006
21556
7667
21601
25795
3209
28325
20342
7491
4623
19522
31318
9927
22361
22048
20935
14988
25090
10110
16355
9940
24979
8912
2588
5340
11686
1880
24702
27405
28492
1270
29236
8054
31149
16961
11086
3706
5614
2262
32705
10694
18008
3057
26543
4999
17590
32058
28905
31193
16382
25569
2483
18050
7476
27116
26823
30432
16268
5072
13980
12320
7119
5695
23527
25521
6911
15938
6499
6136
4158
8071
19661
10566
17900
31996
1843
5895
26128
8093
22639
12604
16889
3977
29679
14891
15653
25436
4791
20564
24417
6585
13992
13480
21042
12582
13058
16630
19828
29213
7720
8870
14145
8031
4259
11689
31508
140
21866
23472
23598
31473
28512
19356
18233
11425
6175
21814
26412
15815
7156
1313
366
23610
14122
5389
23870
5458
22668
13356
14930
507
27941
13290
6846
30983
6474
27865
25624
15305
731
28650
7130
20703
4293
22499
17159
335
17355
20237
5394
11222
3207
7469
11771
25212
17067
20918
23483
1644
8589
24125
7906
22019
28131
13613
7807
8487
10442
16572
4928
6106
29710
17950
28122
26382
2981
2296
15531
6075
30844
17175
5278
25648
24695
17506
336
30631
6067
20237
16497
19483
22286
1040
19564
6750
15337
29656
31306
4198
29996
10044
11987
16871
16779
13490
28407
1832
8968
13763
20333
15887
27577
12476
1946
8573
1996
19111
11188
10978
10440
21881
21031
12808
13845
3725
10296
16179
9919
8529
14824
17260
10359
16960
28955
11034
14299
30224
4089
32466
3575
22828
10901
1648
1803
31588
25548
8807
26254
9187
29041
20309
7284
4450
11175
2011
28589
2716
11149
30891
12782
21250
15649
15074
24755
22447
10334
2201
22405
10398
5544
8118
30584
4635
4458
18184
26617
27255
29438
10644
21702
26624
10957
31785
19774
4912
15287
8507
10459
10533
25525
16110
5373
593
14268
31600
12265
20851
14053
21388
21777
20166
6348
16252
32406
9080
23349
6655
24587
10589
21238
32172
7804
21221
17425
3206
18862
20300
17696
21968
31401
16144
29174
20003
15220
3240
12675
3517
7200
15731
4856
18716
6407
20207
1580
14284
13910
29739
29502
23933
29897
18303
30077
26968
950
17530
15748
8083
21581
7708
24233
323
29214
17733
2969
9842
17628
13166
1596
32370
8032
19863
18143
27248
16368
29568
7825
26188
9666
3868
22733
13225
24508
14403
8282
15168
14462
16551
11120
6265
25506
15369
29468
828
4162
22701
31205
3076
1211
7179
26032
24118
10161
22471
28897
31922
6740
27363
30403
11431
18401
9012
7978
683
3691
21266
27991
17931
25819
28500
13851
7775
8758
18812
16704
16226
18974
14894
6692
1793
668
20455
21415
16818
5916
21995
17223
2311
11449
18303
30602
28803
3003
857
28061
29868
8798
21333
19002
24673
9430
7273
6606
7278
28303
19163
23516
7518
2233
20145
23964
25489
31236
15466
10217
16782
17320
26091
1114
23705
12201
32700
23982
7049
21593
9844
32621
30676
28958
22642
30924
25836
2165
14286
9937
16846
23351
10383
10681
2263
10524
7967
18839
12762
23165
13052
3645
31345
30558
18863
3679
2192
4011
28162
14838
7008
30914
10094
9187
15946
1074
26067
3797
12881
5058
21868
16748
422
11958
12033
26015
29046
31821
22622
30555
17927
18318
26885
1644
3331
28740
26400
20385
25108
27976
20665
28971
25008
17406
17709
15943
15927
6434
25310
30237
11067
16069
11561
25063
4894
25490
3736
7765
19171
18262
19288
5168
14398
6336
30701
25663
7661
24677
18468
19047
587
7430
19017
15381
25635
29974
25243
17889
12738
8567
6909
27755
13904
30085
6894
5257
29024
10325
23483
13989
3269
17214
27891
24928
25767
22937
23836
20347
21975
28102
6820
5368
18016
10096
24859
10108
7263
16145
1695
17912
5908
17080
15767
904
15928
6154
7844
31132
23441
24454
3796
25941
12997
7438
22041
13362
27500
18851
31226
17387
24936
12913
12425
22941
20345
18699
32661
5160
2060
18679
23584
24021
12372
22125
24083
8509
12700
31324
23601
17766
21724
8110
1098
13614
15498
30157
17329
30189
12466
23654
5104
4438
29001
15469
32697
22174
703
29281
29728
14049
10451
11729
12808
16577
939
27167
29659
32592
804
25732
7039
16432
9319
13140
31877
1272
11709
25219
5795
9178
23716
14697
21604
23427
14882
3522
8734
24131
2393
18425
28965
6254
1116
31910
31550
13826
23361
16213
23126
11145
10615
4745
18548
17985
21850
6400
7149
1915
3589
27705
21463
20289
23399
15412
18623
6715
29850
7289
21919
22228
20591
8795
3338
5528
9294
14462
20138
6368
17725
19351
20716
1970
7998
13427
29434
18403
14046
827
27370
17278
26891
4086
9268
7530
23846
29775
25194
6470
23897
21144
31779
15000
2347
3600
16953
24359
5713
22625
26420
22693
5063
14445
31493
18833
25376
28234
20216
18780
23579
22667
21988
5067
20086
16066
21668
18332
22023
9539
30411
30828
13576
3626
7060
6104
10419
19359
28440
31203
27663
18264
9156
30871
23817
25440
24585
31472
30662
22551
13397
25333
7224
13179
11587
10024
20975
23973
22031
6944
32306
18070
16204
11125
16463
8500
24025
4316
26671
20368
22033
16019
15149
25706
1858
4096
31528
24055
27488
31125
25559
32226
7931
16630
4701
25232
9583
94
2846
17832
15707
31039
20944
979
22868
31272
18389
20928
4314
23532
17608
17004
7562
23041
7510
672
14486
18982
3151
28091
27763
30536
12796
24497
11985
9127
7604
26708
22224
30261
5546
17362
17265
22334
4361
15487
17994
78
6211
22997
9855
17232
32677
185
20461
19699
12336
26880
680
26194
29348
3122
5800
31187
28893
29070
10175
24399
24930
31566
15822
13172
4412
6444
17721
15976
16388
1060
27544
11695
576
26492
13488
9551
7664
6914
23457
27698
5475
21141
21600
14283
21583
26342
360
23293
13089
7040
29101
23608
17554
1542
15058
14053
8571
31420
17307
19460
9962
8777
4773
17939
23157
7356
30037
29746
26830
21964
4878
24710
29336
28260
16551
9691
7033
24415
10268
18573
3953
14736
6275
5800
29290
9989
4674
21326
28176
4492
25472
12633
20962
4727
26841
24898
31113
3997
18006
13890
28009
10657
11420
9910
29047
24439
32355
11208
30282
2851
27178
17484
8308
7108
19497
7912
23058
12498
27784
12152
8866
31396
28110
13232
4373
1077
32668
27395
15397
18983
10651
1476
31977
17160
17075
3980
16295
15573
26750
22747
22249
13244
2812
9218
1235
1574
24712
6464
11955
10741
22026
17963
28378
18186
20335
11345
30891
23307
19542
8992
753
19043
17676
4355
11382
650
21435
16334
3793
4486
32222
20572
29567
22194
12792
4470
24373
12478
19846
15863
26485
19703
16178
26158
1632
31688
6473
2180
24779
11905
10351
7519
12948
600
25234
6726
21814
31918
16924
12357
5276
23699
24941
18835
17971
9611
27272
2674
22083
18322
12044
22871
16255
2143
31847
12875
8411
4582
70
18833
26013
18976
20815
16777
13239
22542
28691
30676
5204
31228
21566
11705
2737
4355
23057
4039
3374
1489
9235
24764
5285
27309
17667
19366
13818
32437
17936
8520
31219
30314
23885
1215
26442
11631
26719
19302
29441
9614
32632
5110
19190
30460
13450
22770
11959
5598
21172
578
19095
4363
12801
14877
18690
11796
29521
2349
3597
1666
14487
32238
20817
2654
11589
25432
2554
3063
29445
19133
24859
14559
18090
27892
7749
9271
29030
9911
16983
17964
23101
5194
17559
5314
19385
4189
9730
6609
16864
6708
20193
10828
21603
26373
27293
8905
4376
8866
13780
19774
23210
9047
29356
21513
8080
5398
30568
26164
32059
24529
2873
28918
9108
19752
1366
4733
3237
12612
25166
10730
23702
6915
17309
10398
32220
20309
3454
2228
19885
5094
5889
3278
27831
3325
8285
11541
2065
12964
903
21883
11890
8457
21252
22852
1441
18468
23291
16324
29740
16026
14478
20074
4957
15329
31594
29693
32106
32165
1437
31014
19436
7275
7593
6703
23186
4981
26326
28170
8727
32741
13260
16021
16241
23333
26464
13852
31564
13445
22447
1567
26038
11814
26473
27478
23068
16664
18800
13043
32629
3263
8866
9511
6333
13691
32242
30951
14757
5767
18110
13552
13193
19234
15709
8713
20130
21229
6647
12936
9085
21909
20889
791
10411
18865
12680
22712
18619
750
17622
16391
5221
27497
14388
12735
25864
27740
12295
24704
855
18941
17598
5072
9806
30371
6498
13407
24172
8491
16494
28047
16668
666
25314
2099
26740
12035
23955
25239
6945
28076
18629
10690
12450
23660
7675
14327
1461
25175
28686
15490
5391
13726
27005
4273
2128
30896
1284
24096
21814
12965
13424
31289
15121
9949
27057
6908
13431
20452
13873
18684
12600
409
29796
12970
11412
30352
12193
17622
29612
19636
15920
11379
12343
13617
16804
9627
2934
23441
362
15315
32106
18468
21411
24463
7236
16806
2095
29945
29
29212
2570
16366
3815
21247
10972
20809
17572
9372
19659
22885
19414
29883
24212
989
31286
30847
24026
16534
1448
15757
21438
7680
1391
30320
32687
6296
5021
26173
9347
946
8910
12146
11207
28533
23574
2596
4948
12327
6456
9562
22819
27307
20249
14260
22883
19015
31860
848
21192
17323
28878
20717
1317
2351
32685
9809
7741
5213
29701
15337
26839
26799
22515
30128
29200
29593
25773
25425
6389
11722
11962
2960
15441
25008
25182
1766
31428
15162
9305
11627
14613
1249
27345
23546
25289
13801
25228
5263
6389
13796
13410
32243
17232
31097
16114
1692
14220
23651
6293
11982
27367
23740
28048
15879
25085
7036
3726
26522
21216
17981
17229
8858
11626
20033
13719
14585
32210
4277
2164
20977
23934
21559
28574
31651
26136
16279
23349
30719
23268
11738
2996
20707
31825
901
8740
30599
14798
26904
143
29464
13790
3800
3768
25251
20591
24017
14089
22069
11112
14876
12237
17217
23937
14942
25759
6209
18263
30865
5154
13216
16064
24583
30195
16856
1115
7339
31964
18136
14188
3979
2379
22184
15335
27795
8194
16719
18123
26011
30991
13813
1201
1701
31487
8517
3749
10079
30287
19221
8500
5616
13603
30537
18886
24304
13114
3572
32303
22200
4642
3777
21120
18397
7592
21394
16675
27383
29843
26214
14631
2983
10642
28288
26328
32472
28786
30918
27283
20036
11156
8039
29144
15674
28063
21696
26273
2719
17266
21889
10482
5172
23133
1547
1714
16150
22160
16157
26041
18827
28115
19888
21546
27131
6776
10783
29443
24381
31374
10891
28402
22037
