12000
32764
32762
32758
32753
32751
32749
32747
32741
32740
32739
32739
32735
32734
32726
32725
32719
32718
32712
32709
32707
32705
32702
32702
32700
32697
32694
32692
32691
32690
32689
32688
32687
32687
32686
32685
32679
32677
32668
32661
32660
32650
32642
32640
32639
32637
32637
32632
32631
32630
32629
32628
32627
32627
32627
32625
32625
32621
32615
32611
32606
32596
32592
32590
32590
32588
32584
32583
32582
32580
32579
32577
32570
32569
32565
32565
32558
32556
32554
32553
32553
32553
32548
32546
32543
32542
32539
32532
32525
32522
32519
32518
32517
32514
32508
32506
32506
32504
32503
32500
32498
32497
32495
32492
32492
32490
32489
32483
32481
32481
32480
32472
32468
32466
32466
32465
32463
32460
32459
32458
32455
32454
32453
32452
32446
32445
32440
32440
32438
32437
32428
32419
32419
32410
32409
32409
32406
32406
32404
32399
32398
32397
32392
32391
32380
32370
32369
32367
32365
32364
32355
32350
32340
32339
32339
32338
32334
32333
32331
32330
32329
32329
32323
32317
32314
32312
32311
32306
32306
32305
32303
32300
32296
32291
32291
32290
32288
32285
32279
32276
32275
32275
32271
32271
32266
32253
32251
32251
32245
32243
32243
32242
32242
32241
32238
32236
32233
32230
32226
32225
32222
32222
32220
32220
32219
32218
32218
32216
32216
32211
32210
32206
32201
32201
32199
32183
32181
32178
32176
32174
32172
32170
32165
32163
32159
32152
32150
32148
32136
32134
32131
32131
32124
32119
32109
32109
32106
32106
32105
32099
32096
32095
32085
32078
32074
32072
32071
32069
32059
32058
32057
32031
32031
32025
32018
32014
32014
32011
32010
32007
32005
32004
31999
31998
31996
31996
31994
31994
31991
31991
31990
31989
31986
31984
31979
31977
31977
31966
31965
31964
31961
31960
31959
31957
31957
31953
31952
31952
31950
31949
31943
31939
31931
31927
31926
31924
31923
31923
31922
31920
31918
31914
31910
31899
31890
31889
31886
31885
31883
31883
31878
31878
31877
31876
31875
31872
31870
31868
31866
31863
31860
31857
31857
31854
31854
31848
31847
31846
31842
31836
31833
31831
31828
31825
31822
31821
31815
31815
31813
31807
31806
31800
31799
31797
31795
31792
31785
31783
31781
31779
31777
31771
31765
31761
31760
31756
31755
31755
31752
31751
31748
31743
31742
31741
31737
31732
31731
31729
31728
31727
31726
31725
31721
31713
31712
31710
31709
31699
31692
31688
31682
31678
31672
31666
31664
31662
31660
31660
31655
31654
31651
31649
31648
31644
31636
31634
31634
31633
31633
31631
31630
31628
31620
31615
31612
31612
31605
31600
31596
31595
31594
31592
31590
31588
31587
31585
31582
31580
31580
31577
31576
31576
31575
31569
31568
31566
31566
31566
31564
31563
31554
31551
31550
31545
31541
31528
31528
31521
31516
31511
31508
31507
31504
31503
31497
31497
31493
31492
31489
31488
31487
31485
31485
31485
31482
31477
31473
31472
31469
31468
31465
31465
31460
31455
31455
31452
31443
31438
31438
31432
31431
31428
31427
31420
31419
31415
31413
31413
31408
31407
31401
31396
31394
31392
31390
31388
31386
31382
31374
31373
31370
31365
31365
31356
31355
31352
31347
31345
31344
31337
31336
31333
31331
31324
31324
31322
31320
31318
31312
31310
31306
31304
31303
31299
31297
31296
31291
31289
31287
31286
31285
31281
31277
31276
31274
31273
31272
31270
31266
31264
31262
31258
31258
31255
31255
31248
31247
31242
31241
31237
31237
31236
31235
31235
31234
31232
31231
31228
31226
31224
31219
31219
31218
31216
31216
31206
31205
31203
31200
31196
31194
31193
31187
31185
31182
31181
31180
31178
31176
31166
31161
31161
31159
31156
31151
31149
31146
31145
31144
31143
31139
31136
31132
31125
31125
31116
31115
31113
31109
31109
31108
31107
31107
31107
31104
31104
31102
31098
31097
31095
31095
31090
31088
31088
31085
31085
31085
31082
31072
31072
31071
31068
31067
31067
31063
31043
31043
31043
31042
31039
31038
31030
31030
31025
31025
31025
31022
31018
31015
31014
31013
31008
31008
30991
30987
30986
30986
30983
30983
30983
30979
30979
30971
30969
30968
30964
30960
30959
30959
30953
30951
30949
30946
30943
30939
30938
30936
30935
30930
30924
30918
30918
30916
30916
30915
30914
30909
30906
30904
30904
30899
30896
30893
30892
30891
30891
30888
30888
30885
30872
30871
30870
30866
30865
30865
30860
30860
30859
30859
30858
30854
30853
30851
30849
30847
30845
30844
30844
30843
30843
30842
30838
30836
30835
30831
30830
30828
30828
30824
30822
30822
30819
30811
30809
30805
30800
30799
30798
30794
30784
30783
30756
30753
30751
30744
30742
30734
30733
30731
30720
30719
30718
30717
30715
30712
30710
30705
30704
30701
30698
30694
30694
30692
30691
30689
30685
30683
30680
30676
30676
30671
30663
30662
30658
30654
30654
30651
30649
30640
30640
30639
30631
30630
30627
30625
30625
30623
30622
30618
30617
30609
30603
30602
30599
30594
30592
30591
30590
30584
30580
30572
30568
30566
30561
30560
30559
30558
30555
30555
30549
30546
30543
30537
30537
30536
30534
30526
30526
30526
30525
30523
30523
30520
30517
30514
30514
30513
30511
30509
30509
30504
30503
30503
30502
30502
30500
30499
30490
30488
30486
30481
30475
30472
30470
30465
30462
30462
30462
30460
30459
30453
30453
30449
30449
30444
30443
30440
30437
30433
30432
30432
30429
30427
30425
30425
30425
30423
30419
30411
30411
30403
30397
30396
30389
30388
30385
30383
30382
30379
30374
30371
30366
30362
30362
30360
30359
30358
30357
30353
30352
30351
30351
30346
30342
30323
30320
30319
30318
30318
30314
30313
30313
30313
30309
30298
30297
30297
30294
30293
30287
30284
30283
30282
30266
30261
30252
30241
30238
30237
30229
30224
30224
30222
30221
30216
30212
30211
30208
30208
30207
30206
30206
30202
30201
30198
30197
30196
30195
30193
30192
30189
30174
30173
30162
30157
30151
30147
30146
30145
30141
30136
30134
30134
30133
30131
30129
30129
30128
30125
30123
30122
30121
30114
30110
30108
30107
30107
30096
30090
30088
30087
30085
30082
30080
30077
30077
30075
30067
30067
30059
30056
30056
30055
30054
30053
30049
30049
30047
30042
30039
30037
30028
30022
30015
30009
30006
30003
29996
29996
29992
29992
29989
29984
29979
29978
29978
29976
29975
29974
29973
29964
29958
29958
29945
29926
29925
29919
29916
29913
29910
29902
29901
29899
29898
29897
29894
29892
29889
29888
29885
29883
29883
29880
29878
29875
29875
29874
29871
29868
29868
29867
29867
29866
29862
29858
29850
29849
29847
29843
29841
29840
29835
29825
29823
29821
29818
29817
29817
29815
29814
29807
29804
29804
29799
29798
29796
29793
29784
29781
29780
29775
29770
29768
29766
29765
29763
29761
29760
29755
29754
29746
29746
29745
29740
29740
29739
29738
29733
29730
29728
29728
29724
29720
29716
29710
29710
29708
29704
29701
29698
29697
29693
29691
29689
29687
29686
29679
29674
29674
29674
29670
29659
29656
29652
29643
29637
29634
29634
29632
29631
29631
29630
29627
29625
29621
29620
29620
29616
29614
29613
29612
29603
29594
29594
29593
29593
29592
29584
29583
29579
29577
29568
29568
29567
29565
29563
29561
29556
29555
29554
29552
29543
29540
29536
29529
29527
29526
29525
29525
29521
29520
29518
29511
29508
29505
29503
29503
29502
29498
29483
29481
29480
29468
29467
29465
29464
29462
29456
29455
29449
29445
29445
29444
29443
29441
29438
29437
29434
29433
29431
29427
29419
29419
29413
29406
29405
29401
29399
29389
29389
29378
29377
29372
29371
29368
29367
29366
29365
29363
29362
29358
29356
29356
29355
29355
29354
29353
29351
29350
29348
29345
29343
29343
29340
29340
29338
29336
29333
29333
29327
29326
29322
29319
29319
29314
29314
29311
29307
29299
29298
29297
29296
29293
29292
29290
29285
29281
29279
29274
29270
29270
29268
29264
29263
29258
29256
29249
29246
29246
29245
29243
29241
29236
29236
29235
29235
29229
29228
29222
29218
29216
29215
29214
29213
29212
29211
29211
29208
29203
29201
29200
29199
29195
29186
29186
29181
29177
29174
29174
29168
29164
29163
29160
29153
29153
29145
29145
29144
29135
29135
29133
29132
29132
29131
29131
29125
29118
29117
29116
29114
29113
29113
29112
29112
29110
29108
29104
29102
29101
29093
29087
29084
29083
29082
29082
29081
29079
29070
29064
29056
29050
29048
29048
29047
29046
29044
29041
29039
29037
29036
29034
29030
29029
29026
29024
29024
29016
29009
29001
28998
28992
28984
28979
28976
28975
28973
28973
28973
28973
28971
28969
28968
28965
28964
28964
28962
28961
28961
28959
28958
28957
28955
28953
28947
28946
28945
28943
28943
28937
28931
28924
28922
28918
28918
28912
28912
28910
28906
28906
28905
28903
28901
28900
28899
28897
28893
28893
28887
28884
28882
28880
28878
28878
28877
28876
28874
28868
28868
28864
28862
28862
28860
28859
28857
28857
28852
28851
28851
28850
28848
28844
28843
28841
28840
28831
28830
28830
28826
28822
28820
28810
28809
28806
28804
28803
28802
28802
28801
28797
28794
28793
28786
28786
28786
28784
28775
28774
28773
28772
28768
28767
28766
28766
28756
28750
28746
28740
28740
28739
28736
28734
28730
28729
28729
28728
28722
28716
28714
28710
28704
28701
28700
28693
28693
28691
28686
28685
28685
28684
28684
28683
28683
28680
28680
28678
28676
28675
28673
28673
28671
28667
28661
28661
28661
28657
28653
28653
28650
28643
28642
28640
28630
28624
28623
28621
28616
28615
28614
28608
28607
28592
28589
28588
28585
28582
28582
28581
28578
28576
28576
28575
28574
28571
28569
28569
28566
28565
28564
28563
28561
28557
28556
28553
28545
28544
28541
28533
28528
28528
28526
28522
28520
28519
28517
28515
28512
28512
28511
28508
28500
28500
28498
28498
28492
28490
28490
28486
28485
28484
28484
28482
28480
28478
28475
28471
28470
28468
28468
28464
28455
28451
28451
28450
28448
28440
28438
28437
28436
28436
28431
28426
28426
28425
28424
28420
28420
28418
28418
28418
28410
28410
28407
28405
28402
28398
28397
28396
28396
28393
28391
28390
28389
28381
28379
28378
28378
28372
28372
28368
28363
28361
28354
28353
28349
28348
28348
28346
28338
28338
28337
28335
28333
28330
28325
28321
28320
28315
28314
28311
28311
28303
28297
28292
28290
28288
28277
28274
28270
28268
28260
28260
28256
28253
28251
28251
28250
28244
28239
28234
28234
28231
28223
28223
28218
28214
28213
28211
28211
28210
28208
28207
28206
28200
28195
28193
28188
28187
28176
28176
28170
28166
28163
28162
28160
28159
28156
28152
28151
28148
28147
28144
28144
28141
28139
28131
28126
28125
28122
28116
28115
28115
28115
28112
28112
28110
28109
28109
28106
28102
28102
28096
28091
28088
28086
28086
28084
28084
28084
28083
28080
28079
28076
28075
28073
28073
28070
28070
28068
28065
28063
28061
28060
28052
28049
28049
28048
28047
28043
28041
28034
28028
28018
28016
28015
28013
28011
28010
28009
28002
28001
28001
28000
27997
27995
27991
27988
27986
27983
27983
27982
27978
27976
27974
27974
27972
27970
27964
27962
27959
27957
27943
27941
27934
27934
27931
27931
27927
27925
27924
27921
27918
27909
27905
27904
27900
27898
27897
27893
27892
27891
27891
27891
27889
27880
27880
27879
27877
27877
27877
27876
27875
27871
27871
27868
27868
27867
27865
27865
27864
27859
27857
27852
27845
27844
27843
27838
27838
27837
27836
27833
27831
27830
27829
27829
27822
27815
27813
27811
27807
27805
27799
27795
27793
27791
27791
27784
27780
27776
27771
27770
27766
27763
27761
27758
27756
27755
27749
27747
27745
27740
27739
27737
27736
27730
27722
27720
27719
27714
27714
27712
27711
27706
27705
27700
27698
27695
27688
27687
27681
27680
27680
27678
27676
27672
27669
27669
27665
27663
27662
27657
27657
27655
27653
27645
27644
27642
27642
27636
27635
27626
27621
27616
27615
27615
27613
27612
27611
27610
27604
27595
27594
27594
27593
27591
27581
27578
27577
27573
27566
27566
27561
27556
27553
27553
27551
27550
27549
27544
27543
27538
27537
27537
27535
27534
27533
27532
27525
27523
27518
27518
27516
27509
27505
27504
27502
27500
27497
27497
27495
27493
27491
27489
27489
27488
27488
27486
27486
27485
27484
27483
27481
27480
27478
27474
27470
27468
27467
27464
27460
27457
27454
27454
27451
27451
27446
27445
27445
27444
27442
27439
27439
27438
27434
27424
27423
27419
27415
27414
27413
27405
27404
27402
27402
27395
27395
27392
27392
27391
27391
27390
27383
27379
27379
27379
27379
27376
27376
27375
27374
27373
27370
27370
27367
27363
27363
27361
27359
27356
27355
27355
27351
27351
27345
27343
27341
27341
27340
27339
27338
27332
27332
27331
27330
27330
27330
27328
27326
27326
27321
27320
27320
27319
27314
27313
27309
27309
27309
27309
27307
27299
27297
27293
27293
27292
27292
27289
27287
27286
27283
27281
27277
27277
27272
27272
27272
27272
27269
27261
27260
27255
27255
27251
27251
27249
27248
27242
27237
27234
27231
27228
27227
27213
27195
27193
27189
27186
27181
27178
27174
27173
27172
27170
27169
27168
27167
27163
27163
27158
27158
27154
27152
27150
27149
27149
27145
27140
27139
27138
27135
27134
27131
27128
27128
27124
27117
27117
27116
27116
27099
27098
27095
27082
27082
27079
27076
27075
27075
27070
27064
27063
27062
27060
27058
27057
27057
27053
27053
27050
27044
27044
27044
27043
27043
27043
27041
27035
27030
27027
27025
27018
27017
27017
27014
27014
27012
27006
27005
27003
27001
26999
26997
26995
26990
26988
26980
26979
26975
26973
26972
26969
26969
26968
26966
26965
26962
26959
26957
26955
26954
26944
26942
26941
26941
26931
26930
26929
26926
26922
26918
26916
26914
26911
26909
26907
26904
26904
26895
26893
26891
26889
26888
26885
26880
26880
26878
26877
26872
26871
26871
26863
26863
26862
26858
26857
26853
26848
26845
26841
26841
26839
26839
26830
26830
26825
26823
26823
26820
26818
26817
26814
26814
26806
26802
26799
26798
26794
26790
26787
26785
26783
26777
26772
26771
26766
26761
26760
26751
26750
26748
26740
26737
26737
26729
26729
26726
26726
26726
26726
26722
26719
26719
26717
26717
26715
26713
26713
26708
26702
26700
26700
26695
26694
26693
26687
26686
26681
26675
26674
26671
26671
26661
26660
26659
26657
26657
26653
26649
26647
26643
26639
26638
26638
26628
26626
26624
26617
26617
26616
26616
26611
26609
26608
26605
26603
26601
26600
26600
26599
26591
26591
26589
26587
26586
26578
26578
26569
26568
26566
26565
26564
26549
26547
26543
26537
26532
26531
26523
26522
26516
26511
26507
26503
26501
26492
26492
26489
26486
26486
26485
26482
26477
26475
26473
26473
26468
26468
26464
26463
26454
26451
26446
26444
26444
26443
26442
26441
26439
26436
26434
26423
26422
26420
26419
26418
26417
26417
26416
26415
26415
26414
26412
26408
26406
26404
26400
26393
26382
26381
26381
26381
26376
26375
26374
26373
26367
26365
26362
26361
26361
26359
26359
26354
26353
26344
26342
26340
26336
26331
26331
26330
26328
26327
26326
26325
26323
26321
26319
26318
26318
26317
26317
26314
26311
26308
26305
26301
26300
26299
26298
26296
26293
26286
26285
26282
26273
26269
26264
26263
26259
26257
26254
26251
26250
26245
26244
26241
26241
26238
26237
26226
26221
26214
26212
26205
26205
26203
26199
26197
26194
26189
26188
26186
26175
26174
26173
26172
26164
26164
26158
26156
26155
26154
26150
26147
26143
26142
26142
26136
26133
26132
26129
26129
26128
26126
26123
26123
26121
26118
26112
26111
26110
26107
26105
26091
26090
26081
26080
26080
26080
26080
26079
26079
26078
26075
26067
26064
26064
26064
26061
26057
26057
26052
26050
26049
26045
26043
26042
26042
26041
26039
26038
26037
26037
26035
26033
26033
26032
26032
26032
26026
26023
26023
26022
26021
26015
26014
26013
26013
26011
26009
26005
25990
25979
25973
25968
25968
25966
25965
25959
25943
25942
25941
25938
25936
25929
25922
25921
25919
25917
25915
25913
25912
25908
25905
25905
25905
25904
25903
25899
25893
25888
25888
25882
25881
25881
25880
25878
25877
25876
25873
25873
25871
25870
25870
25865
25864
25862
25861
25858
25858
25857
25856
25855
25852
25851
25847
25846
25841
25839
25838
25836
25836
25835
25834
25833
25832
25831
25827
25826
25825
25823
25819
25819
25804
25802
25799
25797
25797
25795
25795
25792
25790
25789
25787
25777
25773
25771
25767
25765
25765
25763
25762
25762
25759
25757
25757
25753
25732
25732
25729
25727
25726
25722
25720
25719
25717
25715
25712
25709
25709
25706
25705
25704
25703
25699
25697
25696
25694
25692
25691
25688
25683
25682
25680
25678
25674
25674
25670
25669
25667
25663
25661
25661
25659
25658
25653
25652
25652
25648
25647
25647
25640
25637
25637
25635
25631
25626
25624
25615
25613
25613
25606
25596
25596
25591
25585
25584
25582
25582
25581
25581
25581
25577
25574
25572
25571
25570
25569
25568
25560
25559
25558
25558
25557
25555
25554
25553
25550
25549
25549
25548
25548
25546
25546
25545
25531
25530
25525
25525
25525
25521
25521
25520
25516
25515
25511
25509
25508
25506
25504
25501
25497
25497
25495
25493
25492
25490
25489
25488
25487
25484
25482
25475
25472
25472
25470
25468
25463
25460
25458
25457
25456
25451
25449
25446
25446
25445
25444
25440
25440
25438
25436
25432
25426
25425
25422
25418
25415
25415
25415
25415
25413
25412
25402
25399
25397
25396
25396
25396
25392
25390
25387
25376
25375
25374
25364
25359
25351
25344
25335
25333
25329
25326
25325
25324
25321
25319
25314
25310
25310
25310
25303
25289
25279
25275
25271
25268
25267
25265
25264
25263
25258
25251
25243
25240
25239
25234
25232
25232
25231
25229
25228
25228
25228
25228
25228
25227
25222
25219
25219
25215
25212
25209
25204
25200
25197
25194
25190
25190
25188
25187
25185
25182
25182
25179
25178
25176
25175
25174
25173
25166
25165
25164
25161
25159
25151
25145
25142
25138
25136
25127
25126
25125
25125
25115
25115
25112
25108
25107
25101
25101
25099
25090
25090
25089
25089
25085
25083
25079
25079
25075
25074
25071
25071
25063
25055
25049
25045
25044
25043
25043
25039
25038
25037
25032
25031
25020
25020
25017
25013
25008
25008
25004
24998
24997
24992
24985
24982
24982
24982
24979
24977
24975
24972
24971
24969
24964
24962
24950
24944
24943
24941
24940
24939
24937
24936
24936
24930
24929
24928
24926
24920
24915
24914
24912
24911
24911
24911
24902
24899
24898
24897
24897
24892
24891
24889
24887
24884
24883
24873
24871
24870
24869
24865
24863
24859
24859
24858
24855
24855
24851
24851
24849
24847
24841
24840
24840
24839
24836
24834
24834
24833
24831
24827
24820
24817
24816
24814
24812
24807
24804
24802
24793
24790
24789
24783
24782
24779
24765
24764
24756
24755
24752
24750
24745
24743
24727
24726
24726
24724
24721
24720
24713
24712
24712
24710
24710
24705
24705
24704
24702
24702
24695
24694
24693
24689
24688
24686
24677
24675
24675
24674
24673
24670
24664
24657
24653
24652
24648
24647
24644
24639
24639
24637
24633
24633
24632
24629
24624
24620
24619
24618
24617
24616
24612
24611
24607
24606
24604
24602
24601
24601
24599
24593
24592
24590
24587
24585
24583
24583
24582
24581
24578
24570
24554
24553
24551
24551
24551
24545
24545
24544
24543
24535
24535
24535
24529
24528
24527
24526
24520
24517
24516
24513
24509
24508
24504
24504
24499
24498
24497
24494
24492
24490
24490
24484
24468
24466
24464
24463
24456
24454
24452
24450
24446
24440
24440
24439
24436
24436
24435
24433
24428
24422
24421
24420
24418
24418
24417
24415
24415
24409
24408
24404
24403
24401
24401
24399
24398
24394
24382
24381
24374
24374
24373
24371
24364
24359
24351
24349
24340
24338
24334
24328
24319
24319
24319
24319
24318
24318
24317
24317
24309
24309
24308
24307
24304
24304
24302
24293
24289
24285
24280
24272
24271
24264
24261
24259
24254
24252
24245
24241
24240
24238
24235
24233
24233
24226
24217
24212
24209
24207
24197
24187
24186
24184
24178
24172
24171
24170
24169
24166
24165
24161
24154
24153
24147
24147
24140
24139
24138
24137
24134
24131
24130
24128
24126
24126
24125
24124
24122
24121
24118
24118
24117
24114
24111
24111
24110
24106
24101
24101
24098
24097
24097
24096
24090
24089
24084
24084
24084
24083
24083
24079
24079
24076
24074
24070
24059
24058
24057
24055
24053
24050
24049
24043
24043
24042
24031
24030
24029
24026
24025
24021
24018
24017
24015
24012
24010
24006
24005
23998
23982
23982
23980
23979
23977
23977
23973
23970
23967
23966
23966
23965
23964
23963
23956
23955
23942
23940
23938
23937
23935
23934
23933
23929
23923
23922
23920
23918
23918
23917
23915
23915
23911
23908
23897
23897
23897
23892
23891
23887
23885
23885
23884
23880
23876
23874
23873
23870
23868
23868
23867
23866
23866
23865
23862
23861
23853
23847
23846
23837
23836
23828
23826
23823
23823
23819
23817
23817
23814
23813
23799
23795
23790
23789
23789
23786
23784
23780
23779
23775
23772
23769
23768
23768
23759
23756
23752
23749
23749
23743
23743
23740
23739
23721
23720
23719
23718
23718
23718
23716
23715
23714
23714
23707
23705
23702
23699
23699
23697
23695
23692
23689
23686
23683
23683
23681
23680
23664
23664
23660
23654
23652
23651
23650
23646
23644
23643
23638
23636
23634
23633
23623
23622
23621
23620
23617
23614
23610
23608
23608
23606
23601
23600
23598
23592
23585
23584
23584
23583
23583
23582
23579
23578
23574
23574
23573
23569
23566
23564
23562
23553
23552
23551
23548
23546
23542
23536
23533
23533
23532
23532
23532
23528
23528
23527
23522
23520
23518
23518
23516
23516
23507
23505
23499
23489
23484
23483
23483
23479
23474
23472
23469
23468
23467
23466
23460
23460
23459
23458
23457
23457
23445
23444
23441
23441
23439
23427
23427
23427
23426
23417
23413
23411
23408
23407
23405
23402
23399
23394
23393
23392
23387
23385
23385
23376
23370
23364
23361
23352
23351
23350
23349
23349
23345
23345
23342
23336
23333
23328
23321
23319
23315
23308
23307
23307
23307
23305
23304
23297
23296
23293
23291
23288
23287
23282
23270
23268
23265
23264
23262
23252
23251
23249
23248
23248
23242
23240
23233
23232
23232
23224
23224
23220
23218
23212
23210
23207
23205
23201
23199
23197
23195
23194
23186
23181
23180
23178
23177
23172
23170
23168
23167
23166
23165
23160
23157
23156
23151
23145
23141
23141
23140
23134
23133
23133
23132
23126
23116
23115
23112
23101
23101
23099
23095
23082
23077
23071
23068
23064
23062
23061
23058
23058
23058
23058
23057
23050
23049
23045
23044
23041
23040
23040
23037
23034
23034
23031
23029
23019
23018
23017
23014
23014
23011
23009
23004
22997
22997
22993
22990
22989
22978
22976
22976
22975
22972
22971
22967
22966
22947
22946
22945
22943
22942
22941
22940
22937
22937
22933
22930
22930
22929
22927
22923
22919
22919
22911
22907
22901
22901
22899
22896
22894
22894
22889
22889
22888
22887
22885
22883
22881
22879
22878
22876
22876
22875
22871
22870
22868
22864
22859
22858
22852
22848
22848
22845
22841
22840
22836
22835
22831
22828
22824
22821
22819
22817
22816
22815
22810
22803
22802
22798
22798
22793
22791
22788
22786
22783
22782
22781
22777
22770
22764
22762
22760
22759
22759
22756
22756
22751
22747
22747
22746
22741
22741
22736
22733
22730
22728
22727
22723
22714
22712
22711
22703
22702
22701
22697
22696
22693
22681
22680
22680
22679
22676
22669
22669
22668
22667
22665
22662
22660
22648
22644
22643
22642
22639
22632
22631
22625
22623
22622
22619
22615
22615
22611
22609
22609
22607
22605
22604
22603
22602
22601
22600
22597
22595
22595
22594
22593
22591
22590
22587
22586
22580
22571
22569
22566
22565
22556
22554
22552
22551
22546
22545
22544
22542
22541
22534
22531
22529
22521
22519
22518
22517
22516
22515
22511
22511
22509
22500
22499
22496
22496
22489
22487
22479
22478
22477
22476
22476
22471
22468
22468
22466
22460
22459
22455
22451
22447
22447
22446
22444
22444
22443
22440
22436
22436
22432
22430
22424
22422
22407
22405
22403
22397
22394
22389
22389
22385
22384
22383
22378
22376
22374
22370
22370
22370
22369
22367
22365
22361
22361
22359
22359
22354
22339
22338
22336
22336
22334
22333
22328
22325
22305
22300
22297
22292
22291
22290
22287
22286
22281
22281
22278
22276
22276
22276
22274
22269
22267
22266
22266
22264
22260
22260
22258
22252
22249
22248
22242
22240
22237
22236
22236
22229
22228
22224
22224
22223
22221
22220
22219
22216
22216
22216
22212
22207
22205
22200
22199
22198
22194
22194
22193
22193
22190
22184
22183
22174
22160
22151
22151
22149
22145
22145
22139
22136
22135
22134
22134
22129
22127
22125
22114
22113
22108
22105
22104
22100
22097
22090
22089
22088
22087
22086
22086
22085
22084
22083
22077
22075
22069
22068
22066
22066
22066
22064
22059
22051
22049
22048
22048
22045
22044
22043
22041
22038
22037
22037
22036
22034
22033
22031
22031
22027
22026
22024
22023
22020
22019
22017
22009
22003
21999
21995
21994
21993
21992
21990
21988
21988
21986
21985
21975
21975
21972
21971
21968
21966
21965
21965
21964
21962
21950
21948
21942
21942
21941
21940
21939
21938
21937
21935
21925
21924
21923
21920
21919
21918
21913
21909
21909
21903
21902
21897
21893
21889
21889
21883
21882
21882
21881
21876
21875
21874
21874
21872
21870
21868
21866
21866
21860
21853
21852
21850
21850
21849
21847
21842
21832
21830
21829
21829
21826
21822
21820
21819
21817
21814
21814
21814
21813
21809
21806
21804
21803
21802
21796
21795
21791
21785
21783
21781
21779
21778
21777
21774
21773
21773
21771
21770
21767
21767
21764
21760
21758
21756
21747
21747
21745
21740
21737
21734
21734
21730
21727
21724
21724
21722
21721
21720
21716
21713
21709
21702
21700
21696
21689
21689
21683
21682
21680
21676
21674
21672
21671
21668
21668
21667
21664
21661
21661
21659
21657
21651
21645
21641
21640
21638
21637
21637
21635
21630
21628
21621
21619
21619
21609
21604
21603
21601
21600
21600
21599
21599
21598
21594
21593
21592
21586
21583
21581
21577
21572
21569
21569
21568
21566
21561
21560
21559
21559
21556
21555
21554
21548
21546
21545
21543
21540
21539
21528
21525
21513
21509
21505
21505
21496
21496
21484
21476
21476
21473
21469
21469
21469
21465
21463
21462
21457
21452
21445
21443
21440
21439
21438
21437
21437
21435
21424
21423
21416
21415
21415
21413
21411
21411
21408
21404
21403
21397
21397
21394
21389
21388
21387
21385
21382
21381
21377
21373
21372
21365
21364
21364
21358
21357
21356
21350
21339
21333
21326
21326
21323
21320
21315
21315
21315
21314
21309
21308
21306
21305
21302
21300
21288
21287
21286
21285
21284
21279
21278
21278
21275
21274
21273
21269
21266
21256
21255
21253
21252
21251
21250
21247
21238
21236
21229
21228
21228
21221
21217
21216
21208
21203
21201
21199
21199
21199
21194
21192
21187
21185
21174
21172
21171
21170
21170
21169
21167
21153
21150
21144
21143
21141
21127
21126
21125
21120
21115
21112
21110
21107
21104
21103
21102
21101
21098
21098
21091
21088
21088
21084
21084
21080
21080
21076
21074
21070
21070
21068
21066
21064
21062
21058
21056
21042
21042
21041
21035
21033
21031
21025
21022
21022
21015
21013
21013
21012
21011
21010
21008
21005
21005
21003
20998
20998
20994
20986
20985
20980
20979
20978
20977
20976
20976
20975
20975
20974
20974
20968
20962
20953
20950
20948
20945
20944
20938
20937
20935
20929
20929
20928
20928
20927
20926
20924
20923
20922
20920
20920
20918
20915
20914
20905
20904
20904
20900
20899
20899
20889
20886
20881
20881
20880
20880
20879
20878
20868
20867
20858
20851
20850
20848
20845
20844
20842
20836
20834
20832
20829
20825
20824
20817
20815
20812
20809
20807
20802
20794
20794
20792
20790
20789
20788
20786
20786
20784
20772
20768
20764
20756
20752
20751
20749
20744
20730
20717
20716
20715
20714
20714
20714
20712
20710
20710
20709
20709
20708
20707
20704
20703
20703
20690
20682
20672
20668
20665
20664
20664
20664
20663
20662
20660
20656
20652
20651
20650
20650
20650
20649
20644
20637
20634
20627
20620
20620
20619
20616
20615
20614
20613
20612
20605
20602
20597
20591
20591
20589
20587
20579
20576
20576
20572
20568
20564
20564
20563
20562
20561
20555
20553
20542
20541
20537
20534
20533
20530
20529
20525
20522
20521
20518
20517
20511
20510
20508
20507
20502
20501
20497
20493
20491
20488
20488
20478
20478
20477
20477
20467
20464
20461
20455
20452
20451
20447
20447
20445
20445
20444
20444
20443
20442
20427
20425
20423
20423
20413
20412
20411
20410
20409
20405
20398
20398
20392
20390
20387
20385
20384
20382
20381
20379
20379
20375
20374
20371
20368
20365
20364
20360
20356
20353
20353
20353
20349
20349
20349
20347
20345
20344
20342
20339
20337
20335
20333
20330
20320
20318
20316
20309
20309
20307
20307
20303
20302
20300
20300
20297
20297
20291
20289
20286
20286
20285
20283
20280
20276
20274
20273
20272
20265
20256
20255
20254
20249
20249
20237
20237
20237
20234
20230
20228
20218
20216
20216
20216
20215
20213
20212
20211
20207
20207
20204
20203
20202
20201
20201
20200
20196
20196
20193
20192
20189
20188
20185
20181
20178
20175
20175
20174
20174
20174
20170
20168
20166
20165
20165
20163
20159
20153
20145
20144
20143
20143
20138
20130
20129
20124
20124
20110
20105
20104
20096
20093
20091
20086
20085
20076
20074
20070
20068
20065
20058
20052
20048
20042
20042
20040
20036
20034
20033
20032
20031
20029
20028
20027
20026
20024
20023
20020
20020
20020
20019
20017
20013
20011
20005
20003
19998
19998
19993
19989
19987
19986
19978
19974
19969
19969
19967
19959
19952
19946
19942
19942
19938
19937
19927
19923
19921
19908
19906
19906
19902
19890
19888
19887
19887
19885
19884
19883
19882
19882
19881
19877
19876
19870
19870
19868
19867
19863
19862
19856
19851
19846
19845
19844
19842
19833
19830
19828
19827
19826
19822
19819
19815
19812
19808
19805
19805
19803
19803
19803
19800
19800
19800
19776
19774
19774
19774
19774
19771
19768
19765
19752
19752
19750
19747
19746
19746
19740
19732
19727
19725
19725
19715
19714
19712
19709
19708
19703
19703
19701
19700
19699
19698
19696
19695
19691
19691
19685
19684
19678
19675
19670
19669
19668
19666
19664
19663
19663
19662
19661
19659
19658
19654
19650
19648
19645
19644
19644
19638
19637
19636
19626
19625
19624
19624
19623
19621
19619
19617
19616
19610
19607
19606
19605
19602
19597
19591
19587
19587
19583
19581
19578
19575
19565
19564
19563
19561
19559
19559
19559
19552
19548
19544
19544
19543
19542
19541
19538
19537
19526
19526
19524
19522
19522
19511
19510
19508
19507
19505
19502
19500
19498
19497
19493
19493
19486
19486
19483
19478
19476
19475
19475
19467
19460
19459
19453
19452
19451
19451
19447
19447
19445
19444
19441
19438
19436
19433
19432
19430
19430
19427
19426
19416
19414
19414
19414
19411
19406
19406
19393
19388
19385
19379
19370
19368
19366
19362
19359
19356
19355
19352
19351
19343
19340
19338
19334
19329
19327
19326
19321
19319
19316
19304
19302
19300
19292
19288
19284
19267
19265
19264
19263
19261
19260
19259
19254
19249
19241
19239
19236
19236
19234
19230
19229
19227
19223
19223
19221
19218
19216
19207
19192
19190
19188
19188
19179
19177
19175
19171
19163
19158
19150
19146
19145
19140
19133
19131
19130
19116
19115
19112
19112
19111
19108
19095
19091
19091
19091
19085
19082
19075
19073
19062
19061
19056
19048
19047
19043
19035
19034
19032
19030
19029
19025
19021
19020
19018
19017
19015
19015
19007
19004
19002
18990
18988
18984
18983
18982
18982
18980
18980
18979
18976
18975
18974
18972
18972
18971
18966
18956
18950
18941
18939
18938
18937
18931
18931
18921
18920
18920
18919
18918
18916
18915
18911
18905
18904
18904
18893
18886
18885
18882
18882
18875
18874
18874
18870
18867
18865
18864
18863
18862
18858
18857
18856
18851
18850
18848
18847
18839
18839
18837
18835
18833
18833
18833
18833
18832
18832
18827
18826
18822
18819
18819
18815
18814
18813
18812
18811
18811
18802
18801
18800
18795
18793
18788
18787
18786
18784
18784
18784
18780
18780
18778
18775
18773
18768
18766
18764
18756
18750
18748
18748
18745
18744
18741
18738
18730
18728
18727
18727
18726
18716
18714
18710
18709
18707
18707
18700
18699
18693
18692
18690
18685
18684
18679
18676
18672
18671
18668
18658
18654
18652
18651
18647
18636
18634
18629
18628
18625
18623
18622
18622
18619
18615
18608
18607
18594
18592
18592
18591
18591
18590
18587
18580
18577
18577
18576
18575
18574
18574
18573
18572
18571
18569
18562
18556
18551
18551
18549
18548
18544
18538
18535
18531
18531
18528
18520
18517
18516
18512
18508
18499
18496
18496
18492
18492
18484
18478
18477
18468
18468
18468
18466
18464
18463
18457
18457
18454
18449
18447
18444
18444
18438
18434
18433
18425
18424
18422
18422
18421
18421
18421
18417
18416
18415
18414
18413
18408
18404
18403
18401
18397
18395
18394
18394
18392
18389
18389
18384
18375
18374
18373
18372
18371
18370
18369
18367
18360
18351
18351
18351
18350
18347
18345
18342
18332
18331
18328
18322
18322
18319
18318
18312
18312
18310
18303
18303
18295
18290
18271
18271
18271
18264
18264
18263
18263
18262
18261
18260
18257
18247
18243
18242
18233
18230
18224
18216
18211
18211
18205
18204
18198
18198
18196
18196
18194
18192
18190
18189
18186
18184
18180
18176
18171
18170
18170
18162
18161
18156
18154
18153
18152
18152
18152
18143
18136
18131
18130
18127
18127
18123
18122
18122
18120
18118
18118
18117
18116
18116
18115
18115
18115
18114
18113
18111
18110
18109
18108
18104
18101
18094
18091
18090
18087
18076
18073
18072
18071
18070
18062
18059
18059
18056
18050
18047
18043
18038
18036
18028
18025
18023
18023
18023
18016
18013
18008
18006
18000
18000
17999
17994
17994
17992
17987
17985
17985
17984
17984
17981
17980
17980
17979
17979
17974
17974
17971
17971
17970
17966
17964
17964
17964
17963
17961
17957
17957
17953
17950
17947
17945
17943
17941
17941
17940
17939
17936
17935
17931
17927
17926
17922
17921
17921
17914
17912
17910
17906
17906
17904
17902
17900
17900
17898
17897
17896
17896
17893
17891
17889
17888
17888
17885
17883
17879
17873
17871
17870
17858
17858
17856
17854
17851
17851
17850
17848
17844
17839
17839
17836
17832
17830
17820
17819
17815
17814
17808
17808
17806
17805
17804
17802
17800
17796
17795
17787
17783
17782
17781
17779
17776
17766
17754
17751
17733
17727
17725
17721
17720
17719
17717
17717
17713
17712
17711
17709
17709
17705
17704
17702
17701
17698
17697
17696
17694
17692
17691
17687
17686
17676
17671
17667
17665
17662
17662
17660
17659
17659
17657
17656
17655
17655
17654
17651
17648
17645
17643
17638
17634
17634
17631
17628
17627
17626
17622
17622
17621
17613
17612
17609
17609
17608
17608
17608
17605
17598
17593
17590
17588
17587
17586
17586
17583
17574
17572
17562
17559
17557
17555
17554
17553
17548
17544
17537
17537
17530
17526
17519
17514
17514
17510
17507
17506
17505
17502
17502
17501
17498
17496
17495
17488
17484
17474
17470
17466
17465
17449
17448
17444
17442
17436
17434
17428
17425
17423
17422
17416
17411
17406
17404
17404
17403
17400
17399
17399
17398
17397
17395
17387
17387
17385
17385
17377
17366
17365
17365
17362
17361
17360
17355
17355
17354
17353
17346
17341
17341
17341
17341
17337
17329
17328
17323
17320
17313
17312
17309
17308
17307
17295
17294
17292
17280
17278
17277
17266
17265
17265
17263
17262
17261
17260
17260
17254
17248
17248
17246
17244
17242
17239
17238
17234
17234
17232
17232
17229
17225
17225
17224
17223
17221
17217
17215
17214
17206
17204
17199
17197
17193
17185
17181
17179
17175
17175
17167
17164
17160
17160
17159
17159
17154
17153
17152
17151
17148
17147
17146
17146
17141
17139
17131
17129
17128
17123
17122
17117
17114
17113
17111
17109
17104
17103
17102
17098
17090
17088
17088
17080
17076
17075
17069
17067
17065
17063
17052
17046
17045
17045
17045
17044
17041
17034
17032
17031
17031
17026
17022
17009
17008
17004
17003
16989
16988
16983
16979
16978
16973
16962
16961
16961
16960
16956
16956
16956
16955
16954
16953
16952
16952
16949
16947
16947
16943
16943
16941
16940
16936
16934
16933
16933
16931
16930
16927
16925
16924
16924
16923
16922
16920
16919
16919
16917
16916
16908
16900
16896
16893
16891
16890
16890
16890
16889
16887
16883
16883
16882
16882
16879
16879
16876
16874
16871
16871
16871
16869
16867
16865
16864
16863
16856
16855
16852
16851
16848
16847
16846
16844
16841
16841
16836
16836
16832
16831
16831
16829
16827
16824
16818
16818
16817
16810
16809
16809
16806
16804
16803
16800
16800
16796
16787
16785
16784
16784
16783
16782
16779
16778
16777
16776
16762
16755
16750
16749
16748
16746
16743
16738
16736
16733
16727
16726
16725
16722
16719
16719
16718
16717
16716
16710
16704
16704
16702
16700
16698
16698
16696
16693
16690
16689
16689
16688
16686
16685
16678
16675
16669
16668
16664
16663
16661
16651
16651
16650
16650
16646
16645
16643
16642
16638
16638
16632
16632
16632
16630
16630
16630
16623
16621
16613
16612
16611
16607
16605
16601
16597
16594
16588
16586
16584
16584
16581
16580
16577
16576
16575
16573
16573
16572
16571
16567
16559
16555
16555
16554
16554
16551
16551
16550
16548
16548
16545
16542
16537
16534
16530
16529
16528
16522
16517
16515
16513
16508
16506
16501
16501
16497
16497
16494
16487
16485
16484
16469
16465
16463
16462
16458
16445
16440
16440
16439
16439
16434
16433
16432
16429
16428
16428
16427
16422
16419
16414
16411
16405
16404
16401
16399
16397
16394
16394
16392
16391
16391
16388
16387
16387
16385
16385
16382
16378
16376
16376
16368
16368
16366
16365
16364
16359
16356
16355
16350
16344
16340
16339
16334
16331
16331
16330
16329
16324
16320
16319
16319
16317
16315
16309
16300
16295
16293
16282
16282
16282
16281
16279
16274
16273
16270
16268
16261
16260
16260
16258
16255
16254
16252
16250
16249
16241
16239
16239
16238
16233
16231
16230
16227
16226
16226
16221
16220
16217
16213
16212
16212
16210
16205
16204
16198
16198
16195
16193
16190
16184
16183
16182
16180
16179
16178
16174
16172
16169
16163
16163
16159
16158
16157
16150
16146
16145
16144
16141
16140
16139
16138
16126
16126
16118
16115
16114
16110
16110
16108
16107
16095
16093
16088
16085
16084
16070
16069
16066
16064
16057
16056
16050
16049
16043
16042
16041
16035
16026
16026
16021
16021
16020
16019
16004
16004
16002
15999
15998
15997
15997
15990
15990
15984
15983
15981
15976
15975
15968
15964
15963
15961
15961
15956
15956
15954
15953
15951
15950
15948
15947
15946
15943
15942
15940
15939
15938
15937
15935
15934
15932
15928
15928
15927
15925
15924
15922
15920
15919
15918
15917
15916
15914
15911
15907
15906
15902
15901
15900
15898
15891
15887
15887
15887
15879
15879
15870
15869
15863
15862
15860
15860
15859
15858
15857
15853
15852
15851
15849
15846
15844
15843
15842
15841
15837
15836
15822
15822
15815
15808
15807
15805
15804
15802
15801
15801
15798
15788
15787
15785
15784
15783
15781
15779
15778
15772
15771
15767
15764
15757
15757
15755
15754
15752
15749
15748
15747
15746
15739
15734
15731
15725
15724
15724
15720
15719
15718
15716
15709
15708
15707
15706
15705
15699
15698
15696
15695
15690
15687
15686
15686
15684
15682
15679
15677
15675
15674
15674
15668
15668
15668
15666
15665
15661
15655
15655
15653
15653
15649
15649
15648
15646
15641
15639
15633
15628
15624
15616
15614
15611
15606
15605
15604
15602
15599
15598
15597
15595
15586
15584
15580
15580
15574
15573
15571
15564
15561
15555
15550
15547
15546
15539
15539
15533
15532
15532
15531
15530
15521
15520
15513
15513
15509
15508
15507
15499
15498
15495
15495
15491
15490
15487
15486
15485
15484
15479
15476
15476
15476
15474
15473
15473
15469
15468
15466
15464
15458
15456
15451
15445
15445
15443
15441
15430
15422
15421
15421
15419
15415
15412
15411
15411
15411
15408
15401
15400
15398
15397
15394
15392
15389
15387
15387
15386
15381
15381
15380
15377
15377
15376
15369
15369
15368
15363
15350
15350
15342
15341
15338
15337
15337
15337
15335
15334
15330
15329
15325
15323
15319
15319
15315
15308
15305
15302
15299
15297
15295
15295
15290
15290
15287
15279
15260
15260
15258
15257
15253
15251
15251
15250
15249
15244
15244
15228
15228
15227
15227
15227
15226
15225
15222
15221
15220
15218
15212
15208
15200
15197
15193
15186
15183
15179
15178
15175
15172
15171
15168
15166
15165
15165
15164
15163
15162
15157
15157
15149
15148
15147
15143
15138
15136
15134
15131
15130
15128
15123
15121
15120
15112
15109
15107
15105
15105
15101
15099
15097
15095
15093
15092
15090
15089
15087
15086
15084
15074
15072
15071
15071
15066
15063
15059
15058
15054
15051
15051
15046
15042
15030
15030
15028
15028
15024
15024
15022
15021
15021
15012
15011
15010
15007
15004
15003
15000
14998
14998
14994
14988
14986
14981
14977
14971
14968
14968
14965
14959
14958
14951
14947
14946
14942
14932
14932
14930
14930
14917
14913
14912
14899
14894
14891
14882
14882
14881
14880
14877
14876
14872
14869
14867
14866
14861
14860
14853
14851
14851
14845
14844
14840
14839
14838
14837
14837
14835
14831
14830
14829
14826
14824
14820
14819
14817
14817
14814
14811
14809
14809
14804
14802
14801
14799
14798
14797
14793
14793
14792
14790
14788
14785
14781
14777
14774
14769
14766
14766
14764
14761
14759
14757
14752
14749
14745
14744
14744
14741
14736
14734
14727
14725
14714
14714
14709
14708
14707
14706
14699
14697
14695
14690
14690
14681
14680
14679
14677
14677
14662
14661
14659
14654
14651
14648
14644
14639
14638
14637
14634
14631
14616
14615
14613
14613
14610
14610
14601
14598
14595
14595
14592
14591
14591
14587
14586
14585
14585
14585
14578
14573
14572
14569
14569
14569
14568
14566
14560
14560
14559
14559
14554
14553
14553
14550
14550
14543
14535
14535
14533
14529
14527
14525
14523
14519
14517
14515
14514
14513
14511
14510
14507
14504
14502
14495
14494
14490
14490
14490
14487
14486
14482
14478
14478
14473
14465
14462
14462
14456
14454
14449
14447
14445
14444
14443
14442
14442
14439
14436
14436
14436
14435
14431
14431
14426
14424
14411
14411
14410
14406
14406
14405
14403
14403
14402
14400
14398
14396
14388
14388
14387
14387
14386
14383
14381
14378
14376
14375
14367
14364
14363
14362
14361
14356
14355
14354
14354
14351
14349
14349
14346
14342
14337
14334
14332
14329
14327
14325
14319
14316
14316
14314
14311
14308
14299
14298
14293
14291
14290
14289
14289
14286
14284
14283
14282
14281
14279
14274
14268
14265
14260
14260
14258
14254
14247
14245
14234
14232
14232
14231
14227
14225
14224
14222
14220
14220
14219
14218
14218
14211
14209
14206
14204
14197
14197
14188
14184
14182
14180
14176
14169
14169
14165
14165
14163
14159
14152
14150
14145
14145
14144
14142
14142
14139
14137
14134
14128
14123
14122
14120
14119
14119
14115
14115
14109
14106
14102
14101
14098
14093
14089
14088
14087
14087
14087
14077
14075
14064
14063
14061
14059
14058
14058
14056
14054
14053
14053
14049
14048
14047
14047
14046
14045
14042
14041
14040
14035
14033
14031
14031
14029
14027
14019
14017
14012
14010
14010
14009
14008
14006
14003
14000
13998
13998
13997
13995
13993
13992
13992
13992
13989
13989
13988
13987
13985
13985
13985
13984
13981
13980
13977
13974
13972
13966
13966
13965
13959
13958
13955
13951
13949
13936
13933
13928
13925
13922
13921
13919
13918
13917
13915
13913
13912
13910
13904
13904
13903
13903
13902
13900
13894
13893
13890
13885
13883
13879
13877
13875
13874
13873
13873
13868
13865
13862
13859
13852
13851
13845
13845
13844
13841
13840
13832
13829
13826
13818
13818
13815
13813
13812
13802
13801
13796
13794
13790
13790
13790
13788
13782
13781
13780
13780
13774
13771
13769
13768
13766
13764
13763
13762
13759
13758
13758
13755
13751
13747
13746
13744
13742
13741
13741
13740
13740
13738
13738
13730
13726
13726
13726
13720
13719
13719
13719
13713
13713
13711
13704
13702
13698
13698
13695
13691
13689
13687
13686
13683
13676
13651
13650
13648
13643
13640
13640
13640
13640
13639
13638
13633
13632
13631
13630
13629
13624
13617
13616
13616
13614
13613
13610
13608
13607
13606
13603
13599
13598
13594
13592
13590
13584
13583
13582
13582
13579
13579
13577
13576
13574
13566
13563
13556
13552
13551
13550
13547
13541
13541
13541
13540
13536
13531
13516
13516
13514
13511
13511
13508
13507
13505
13503
13499
13497
13494
13490
13488
13482
13480
13473
13467
13466
13465
13464
13463
13461
13454
13453
13452
13450
13449
13448
13445
13441
13440
13438
13431
13431
13428
13428
13427
13425
13425
13424
13424
13420
13420
13419
13416
13410
13407
13404
13404
13403
13402
13401
13400
13399
13397
13393
13392
13389
13368
13364
13362
13357
13356
13354
13349
13348
13348
13347
13338
13331
13329
13325
13305
13303
13302
13301
13298
13298
13291
13290
13283
13282
13282
13280
13277
13273
13264
13260
13258
13257
13254
13245
13245
13244
13240
13240
13239
13233
13232
13232
13226
13225
13223
13218
13216
13216
13210
13210
13208
13204
13204
13202
13201
13197
13193
13188
13187
13179
13176
13174
13173
13173
13173
13172
13171
13169
13167
13166
13166
13164
13164
13163
13161
13157
13154
13153
13153
13140
13138
13137
13132
13129
13128
13127
13125
13124
13122
13121
13119
13116
13115
13114
13113
13112
13111
13110
13109
13107
13106
13104
13102
13100
13098
13095
13093
13089
13086
13085
13085
13082
13081
13080
13080
13079
13073
13067
13066
13064
13062
13058
13058
13057
13055
13052
13052
13050
13048
13046
13046
13043
13042
13034
13023
13020
13018
13015
13011
13009
13006
13005
13003
13002
12997
12993
12984
12982
12982
12980
12974
12971
12970
12968
12968
12966
12965
12964
12959
12959
12955
12948
12946
12944
12944
12936
12932
12930
12929
12928
12914
12913
12910
12907
12906
12906
12903
12898
12891
12886
12881
12881
12878
12877
12876
12875
12863
12862
12857
12855
12849
12846
12842
12840
12834
12830
12824
12813
12810
12810
12808
12808
12808
12804
12801
12801
12796
12793
12792
12790
12787
12785
12784
12783
12782
12781
12781
12778
12768
12764
12762
12762
12759
12759
12759
12750
12749
12748
12746
12745
12738
12735
12734
12732
12730
12726
12723
12718
12714
12714
12711
12710
12705
12700
12698
12697
12695
12689
12680
12679
12676
12675
12673
12672
12671
12671
12667
12666
12665
12665
12663
12658
12656
12654
12647
12646
12640
12633
12625
12621
12619
12612
12604
12602
12600
12600
12597
12595
12590
12590
12589
12586
12585
12582
12575
12573
12565
12563
12559
12555
12550
12549
12545
12543
12542
12536
12535
12534
12534
12534
12533
12532
12528
12527
12525
12525
12524
12523
12520
12517
12517
12510
12502
12501
12498
12498
12497
12494
12493
12493
12491
12490
12489
12487
12482
12478
12476
12471
12466
12465
12462
12460
12460
12452
12450
12444
12442
12435
12435
12432
12432
12432
12432
12429
12428
12425
12425
12424
12423
12418
12417
12415
12411
12411
12406
12406
12405
12400
12397
12392
12390
12386
12386
12382
12377
12376
12372
12369
12367
12362
12360
12359
12357
12357
12356
12356
12355
12355
12344
12343
12343
12341
12340
12338
12338
12336
12336
12331
12330
12328
12327
12322
12321
12320
12319
12317
12315
12315
12315
12306
12303
12301
12297
12295
12294
12293
12289
12286
12283
12282
12281
12280
12278
12277
12275
12270
12268
12266
12266
12265
12262
12261
12258
12253
12252
12248
12244
12240
12239
12237
12232
12231
12231
12230
12224
12220
12218
12215
12215
12215
12212
12210
12209
12209
12207
12205
12204
12201
12201
12199
12195
12194
12193
12193
12192
12183
12183
12181
12179
12170
12168
12167
12165
12164
12161
12158
12158
12157
12155
12152
12152
12150
12149
12148
12146
12135
12135
12135
12132
12126
12123
12122
12121
12120
12119
12118
12116
12114
12112
12112
12110
12103
12102
12087
12082
12078
12075
12072
12063
12060
12058
12052
12051
12045
12044
12043
12042
12036
12035
12035
12035
12033
12033
12031
12028
12028
12022
12010
12001
11999
11999
11996
11996
11994
11991
11990
11988
11987
11985
11982
11980
11979
11975
11970
11967
11965
11964
11963
11962
11960
11959
11958
11957
11955
11955
11951
11949
11942
11940
11939
11937
11935
11931
11931
11929
11926
11923
11921
11916
11905
11905
11901
11899
11890
11881
11881
11876
11871
11870
11867
11866
11865
11862
11858
11851
11841
11838
11837
11833
11832
11825
11824
11823
11817
11814
11811
11796
11796
11795
11792
11785
11780
11775
11775
11772
11772
11772
11772
11771
11768
11764
11764
11763
11755
11752
11752
11748
11747
11743
11742
11738
11735
11734
11732
11729
11729
11728
11726
11722
11722
11721
11720
11718
11709
11706
11706
11705
11701
11701
11698
11695
11690
11689
11688
11686
11676
11664
11658
11657
11656
11655
11654
11652
11651
11651
11645
11645
11643
11642
11641
11640
11639
11637
11635
11631
11627
11627
11626
11614
11614
11613
11613
11606
11606
11601
11600
11599
11598
11589
11587
11587
11582
11578
11575
11574
11566
11565
11561
11561
11561
11559
11557
11543
11541
11535
11530
11528
11522
11520
11517
11511
11509
11505
11501
11501
11496
11495
11494
11493
11491
11489
11485
11484
11482
11481
11480
11479
11474
11473
11471
11470
11466
11464
11461
11454
11451
11449
11448
11444
11443
11441
11439
11437
11431
11431
11430
11428
11427
11426
11425
11420
11413
11412
11405
11405
11402
11391
11389
11382
11379
11377
11377
11376
11374
11374
11373
11373
11372
11370
11368
11366
11366
11357
11350
11348
11347
11345
11345
11340
11336
11336
11331
11331
11331
11330
11324
11322
11318
11314
11311
11310
11305
11298
11297
11290
11285
11285
11283
11279
11279
11275
11272
11271
11256
11252
11248
11241
11240
11239
11231
11229
11229
11226
11224
11223
11222
11218
11208
11207
11200
11193
11191
11190
11190
11188
11187
11182
11178
11176
11175
11171
11171
11166
11160
11158
11156
11156
11155
11149
11149
11149
11145
11144
11136
11136
11134
11132
11130
11129
11125
11125
11123
11121
11120
11119
11118
11113
11112
11106
11105
11102
11099
11099
11098
11097
11095
11092
11091
11091
11089
11088
11086
11086
11081
11080
11080
11078
11078
11073
11071
11069
11067
11061
11059
11059
11059
11058
11057
11050
11049
11047
11046
11043
11037
11037
11035
11035
11034
11034
11033
11030
11028
11025
11025
11025
11018
11017
11017
11011
11004
11001
10988
10982
10978
10978
10975
10973
10972
10970
10957
10954
10953
10945
10937
10932
10930
10925
10925
10921
10920
10916
10915
10912
10907
10905
10902
10901
10896
10894
10893
10892
10891
10889
10887
10883
10883
10883
10882
10882
10881
10871
10868
10856
10854
10852
10849
10849
10848
10847
10845
10840
10837
10837
10828
10827
10823
10822
10821
10819
10818
10815
10815
10811
10810
10809
10807
10803
10803
10797
10793
10791
10785
10783
10781
10769
10766
10765
10764
10760
10749
10747
10742
10741
10739
10737
10735
10734
10734
10733
10730
10727
10726
10725
10720
10717
10711
10710
10707
10704
10699
10699
10698
10694
10694
10690
10686
10681
10677
10676
10675
10674
10673
10667
10665
10665
10660
10657
10656
10655
10655
10651
10651
10649
10648
10647
10647
10644
10642
10640
10635
10635
10632
10628
10628
10625
10624
10624
10621
10621
10618
10615
10611
10608
10607
10602
10602
10601
10594
10590
10589
10580
10579
10575
10573
10570
10567
10566
10558
10555
10553
10552
10550
10545
10542
10533
10529
10524
10524
10522
10521
10520
10519
10518
10518
10497
10496
10489
10488
10482
10482
10471
10471
10467
10463
10463
10463
10459
10458
10458
10457
10453
10451
10451
10449
10444
10444
10442
10442
10440
10435
10434
10433
10425
10419
10415
10414
10411
10411
10406
10404
10401
10399
10398
10398
10397
10394
10394
10394
10390
10385
10383
10382
10376
10375
10371
10368
10366
10359
10358
10356
10355
10351
10350
10347
10346
10344
10344
10336
10334
10325
10322
10317
10315
10309
10306
10304
10303
10302
10298
10297
10296
10291
10280
10279
10279
10276
10273
10272
10271
10270
10268
10267
10259
10258
10254
10250
10250
10250
10248
10248
10243
10242
10238
10235
10233
10232
10230
10228
10225
10224
10223
10223
10223
10223
10217
10214
10211
10210
10209
10203
10200
10199
10185
10185
10182
10180
10178
10178
10175
10172
10170
10167
10162
10162
10161
10161
10159
10159
10154
10148
10144
10140
10135
10132
10126
10126
10124
10123
10122
10119
10118
10116
10116
10110
10110
10108
10107
10105
10097
10096
10094
10086
10083
10081
10079
10078
10077
10068
10061
10057
10053
10052
10052
10051
10051
10048
10044
10041
10041
10038
10037
10035
10035
10034
10032
10027
10024
10023
10021
10018
10018
10017
10017
10014
10010
10009
10000
9998
9992
9991
9989
9981
9979
9973
9971
9971
9964
9963
9962
9955
9953
9951
9949
9949
9949
9949
9944
9941
9940
9938
9937
9937
9932
9927
9927
9921
9919
9919
9918
9918
9918
9917
9915
9915
9911
9911
9910
9908
9907
9906
9904
9901
9898
9897
9892
9887
9873
9872
9870
9865
9865
9863
9859
9858
9857
9857
9855
9855
9853
9849
9845
9844
9842
9839
9836
9831
9830
9827
9820
9809
9807
9807
9806
9804
9797
9794
9794
9794
9793
9790
9789
9786
9786
9782
9779
9779
9777
9769
9760
9759
9757
9752
9752
9750
9749
9749
9748
9741
9740
9737
9736
9731
9730
9724
9723
9723
9719
9712
9700
9700
9696
9696
9695
9691
9689
9689
9688
9688
9686
9677
9675
9675
9673
9671
9671
9670
9666
9666
9663
9660
9651
9647
9646
9645
9641
9640
9639
9639
9635
9633
9628
9627
9624
9624
9616
9614
9613
9611
9611
9611
9605
9604
9604
9601
9601
9601
9599
9597
9593
9592
9587
9587
9586
9586
9585
9584
9583
9580
9580
9579
9578
9576
9574
9570
9568
9565
9564
9562
9555
9555
9551
9551
9550
9548
9546
9543
9539
9536
9533
9532
9531
9530
9528
9527
9526
9525
9524
9516
9516
9515
9513
9511
9507
9507
9501
9490
9487
9486
9484
9476
9476
9476
9475
9474
9470
9468
9467
9464
9464
9461
9460
9459
9457
9456
9456
9455
9450
9448
9447
9446
9442
9430
9425
9424
9424
9423
9419
9416
9416
9412
9403
9402
9397
9396
9393
9388
9387
9381
9374
9373
9372
9372
9367
9367
9363
9360
9354
9353
9350
9347
9345
9344
9343
9338
9336
9332
9332
9322
9320
9319
9312
9312
9305
9304
9301
9301
9294
9291
9289
9285
9285
9285
9285
9283
9283
9280
9275
9274
9271
9268
9267
9266
9260
9257
9257
9253
9252
9250
9245
9244
9244
9243
9236
9235
9231
9218
9217
9215
9212
9211
9208
9203
9201
9200
9197
9194
9194
9189
9187
9187
9186
9180
9179
9178
9175
9174
9171
9160
9159
9156
9152
9152
9144
9142
9141
9140
9139
9138
9136
9136
9127
9123
9123
9118
9116
9112
9112
9110
9108
9099
9097
9095
9093
9088
9085
9081
9080
9080
9078
9071
9070
9068
9068
9063
9062
9060
9050
9049
9048
9047
9044
9043
9043
9040
9037
9035
9034
9032
9031
9030
9021
9017
9016
9014
9012
9010
9004
9004
9000
8994
8992
8992
8992
8985
8983
8973
8969
8968
8956
8954
8953
8951
8949
8946
8946
8939
8937
8934
8925
8924
8923
8919
8919
8918
8914
8912
8911
8910
8908
8907
8906
8905
8900
8894
8890
8885
8883
8880
8878
8878
8877
8871
8870
8866
8866
8866
8866
8858
8855
8847
8842
8841
8840
8839
8833
8831
8831
8830
8822
8822
8821
8820
8819
8818
8810
8807
8802
8800
8799
8798
8795
8795
8793
8790
8788
8780
8777
8776
8767
8764
8763
8761
8760
8758
8756
8749
8749
8743
8742
8740
8739
8738
8737
8736
8734
8730
8729
8729
8727
8726
8724
8718
8717
8713
8712
8712
8710
8709
8707
8704
8704
8703
8700
8694
8694
8692
8691
8691
8690
8687
8685
8675
8658
8657
8656
8652
8649
8648
8646
8644
8642
8637
8637
8633
8631
8631
8629
8627
8626
8626
8622
8620
8618
8617
8616
8615
8607
8605
8604
8601
8599
8598
8596
8593
8590
8589
8581
8579
8576
8573
8572
8571
8570
8568
8567
8563
8557
8557
8554
8554
8548
8547
8540
8540
8537
8535
8531
8529
8528
8526
8523
8523
8521
8520
8520
8519
8519
8518
8517
8515
8514
8511
8509
8509
8507
8506
8504
8504
8502
8500
8500
8497
8494
8492
8491
8490
8488
8487
8484
8477
8471
8460
8458
8457
8456
8456
8452
8451
8445
8441
8439
8439
8439
8439
8435
8428
8428
8427
8427
8425
8420
8419
8418
8411
8404
8402
8398
8393
8391
8390
8389
8388
8381
8377
8377
8373
8372
8371
8363
8363
8360
8359
8357
8355
8351
8350
8343
8338
8328
8325
8321
8321
8315
8315
8309
8308
8304
8298
8298
8294
8290
8289
8285
8282
8280
8278
8278
8275
8275
8272
8263
8261
8259
8254
8252
8252
8248
8246
8245
8236
8234
8223
8220
8218
8218
8216
8215
8215
8209
8208
8206
8206
8205
8204
8198
8198
8197
8197
8194
8191
8188
8184
8178
8176
8176
8175
8170
8167
8166
8157
8154
8151
8148
8144
8141
8139
8135
8131
8130
8122
8118
8118
8115
8111
8110
8106
8100
8096
8095
8093
8084
8083
8083
8080
8080
8080
8071
8062
8061
8054
8054
8052
8051
8051
8049
8046
8041
8039
8035
8032
8031
8028
8025
8022
8022
8020
8016
8016
8016
8013
8009
8009
8006
8004
7998
7996
7995
7995
7993
7991
7990
7984
7981
7979
7978
7976
7975
7974
7973
7973
7970
7969
7967
7965
7962
7961
7960
7959
7956
7955
7950
7949
7946
7942
7939
7938
7938
7937
7936
7932
7931
7925
7924
7917
7916
7913
7913
7912
7912
7907
7906
7902
7901
7900
7900
7897
7897
7891
7888
7887
7886
7886
7874
7874
7874
7873
7864
7863
7860
7854
7853
7853
7847
7846
7844
7843
7842
7841
7840
7837
7832
7829
7826
7825
7823
7820
7820
7819
7817
7815
7814
7810
7807
7805
7805
7804
7803
7799
7797
7791
7791
7785
7784
7780
7775
7775
7770
7769
7765
7761
7757
7757
7755
7749
7747
7741
7738
7737
7729
7723
7720
7711
7710
7709
7708
7707
7704
7702
7700
7693
7693
7689
7683
7682
7682
7680
7680
7675
7675
7675
7673
7672
7668
7667
7664
7661
7661
7652
7650
7650
7648
7645
7643
7636
7636
7636
7631
7627
7627
7621
7610
7610
7608
7607
7604
7600
7599
7596
7595
7593
7592
7588
7586
7586
7584
7580
7577
7575
7575
7575
7569
7567
7564
7563
7562
7562
7554
7549
7548
7548
7537
7535
7534
7531
7530
7528
7527
7520
7519
7518
7516
7516
7516
7514
7513
7511
7510
7508
7496
7492
7491
7489
7487
7487
7484
7482
7480
7479
7477
7477
7476
7474
7471
7469
7468
7468
7468
7468
7457
7449
7448
7448
7445
7438
7435
7434
7433
7430
7429
7428
7428
7424
7423
7419
7413
7411
7408
7406
7402
7400
7400
7399
7395
7389
7388
7388
7385
7384
7377
7375
7373
7370
7368
7365
7364
7357
7357
7356
7354
7353
7345
7345
7345
7339
7338
7337
7337
7335
7332
7326
7322
7320
7315
7314
7310
7309
7308
7305
7289
7288
7284
7281
7281
7279
7278
7276
7275
7273
7272
7263
7261
7257
7257
7255
7254
7249
7247
7244
7237
7236
7235
7227
7224
7220
7219
7205
7204
7203
7200
7197
7196
7193
7190
7182
7179
7175
7165
7159
7158
7158
7158
7157
7156
7149
7148
7140
7138
7134
7134
7130
7129
7126
7123
7119
7118
7116
7109
7108
7107
7102
7100
7097
7090
7085
7083
7082
7073
7072
7071
7066
7063
7061
7061
7060
7058
7057
7054
7053
7052
7050
7049
7044
7040
7039
7036
7033
7031
7030
7025
7023
7021
7013
7012
7009
7008
7006
7004
7003
6995
6993
6986
6986
6985
6985
6985
6971
6967
6966
6965
6956
6949
6949
6946
6945
6944
6942
6941
6937
6936
6933
6930
6929
6927
6924
6915
6914
6911
6911
6909
6908
6908
6902
6901
6895
6894
6888
6886
6886
6881
6881
6881
6880
6877
6874
6872
6862
6858
6853
6850
6846
6844
6843
6842
6838
6831
6830
6829
6820
6819
6810
6809
6806
6805
6804
6802
6796
6792
6791
6783
6776
6776
6775
6774
6772
6771
6769
6768
6765
6760
6759
6757
6756
6755
6752
6750
6750
6749
6745
6744
6740
6736
6733
6727
6726
6715
6710
6710
6709
6708
6708
6708
6704
6703
6696
6692
6690
6688
6686
6685
6684
6683
6678
6669
6667
6665
6664
6662
6662
6661
6660
6658
6655
6650
6650
6649
6647
6647
6647
6645
6644
6631
6624
6609
6609
6608
6607
6607
6606
6603
6599
6594
6585
6583
6582
6579
6576
6567
6564
6564
6563
6553
6553
6548
6546
6546
6543
6541
6538
6538
6534
6525
6521
6520
6519
6517
6516
6510
6508
6506
6501
6499
6498
6498
6497
6495
6492
6488
6487
6487
6486
6485
6477
6474
6473
6471
6471
6470
6464
6459
6458
6457
6456
6444
6443
6442
6438
6437
6434
6434
6428
6426
6425
6422
6421
6419
6415
6414
6413
6411
6411
6407
6404
6403
6402
6402
6401
6400
6399
6396
6393
6389
6389
6389
6389
6389
6388
6382
6379
6378
6375
6373
6373
6370
6369
6369
6368
6368
6368
6366
6365
6364
6361
6356
6354
6349
6348
6348
6346
6339
6336
6335
6334
6333
6333
6333
6331
6330
6329
6328
6325
6322
6322
6321
6320
6319
6318
6309
6305
6301
6301
6300
6296
6294
6293
6291
6290
6284
6282
6282
6277
6275
6275
6266
6265
6264
6261
6261
6255
6254
6253
6253
6247
6247
6244
6236
6234
6234
6231
6225
6224
6222
6222
6221
6220
6217
6216
6216
6213
6211
6210
6209
6195
6192
6192
6190
6190
6184
6182
6176
6175
6172
6168
6167
6167
6164
6159
6155
6154
6153
6150
6144
6143
6142
6141
6137
6136
6129
6125
6122
6116
6114
6110
6106
6106
6104
6103
6097
6095
6094
6092
6083
6083
6078
6075
6067
6067
6064
6062
6060
6057
6056
6051
6051
6048
6026
6024
6019
6015
6014
6012
6010
6010
6005
6004
6003
6003
6002
6002
5993
5989
5989
5982
5980
5974
5968
5967
5964
5961
5961
5961
5961
5960
5959
5953
5950
5948
5945
5944
5941
5937
5937
5936
5934
5930
5928
5924
5924
5923
5921
5916
5913
5912
5910
5908
5906
5904
5903
5900
5897
5896
5895
5895
5895
5894
5894
5891
5890
5889
5882
5881
5878
5877
5870
5867
5865
5859
5858
5853
5844
5844
5841
5836
5829
5819
5817
5812
5809
5808
5800
5800
5799
5795
5793
5778
5776
5773
5772
5770
5767
5765
5762
5757
5757
5756
5755
5751
5751
5745
5744
5742
5731
5730
5727
5724
5716
5713
5713
5712
5707
5703
5702
5698
5696
5696
5696
5695
5693
5687
5687
5681
5678
5676
5675
5670
5670
5669
5669
5667
5662
5657
5655
5648
5646
5645
5640
5636
5633
5631
5622
5622
5617
5616
5614
5613
5610
5608
5606
5598
5593
5592
5589
5588
5587
5585
5583
5576
5575
5575
5569
5566
5566
5559
5557
5546
5544
5543
5542
5541
5540
5537
5536
5528
5528
5527
5521
5518
5515
5512
5509
5505
5501
5497
5495
5493
5485
5477
5475
5475
5474
5473
5472
5468
5465
5463
5461
5460
5458
5458
5451
5447
5441
5438
5436
5433
5430
5430
5426
5421
5406
5403
5403
5398
5394
5394
5392
5392
5391
5390
5389
5387
5385
5383
5378
5373
5371
5371
5370
5368
5367
5366
5363
5363
5362
5354
5353
5342
5340
5338
5323
5321
5319
5317
5317
5314
5311
5310
5309
5308
5305
5304
5301
5299
5292
5285
5283
5282
5279
5278
5277
5276
5274
5272
5266
5263
5263
5259
5258
5257
5248
5245
5239
5233
5226
5224
5222
5221
5221
5217
5213
5212
5208
5208
5205
5204
5203
5199
5194
5194
5194
5189
5187
5182
5179
5172
5168
5164
5160
5159
5155
5154
5147
5132
5132
5131
5126
5126
5123
5122
5121
5118
5113
5112
5110
5104
5104
5103
5096
5094
5093
5093
5092
5088
5086
5084
5074
5072
5072
5068
5067
5065
5063
5062
5062
5058
5056
5054
5051
5050
5050
5045
5044
5043
5042
5031
5027
5024
5021
5021
5020
5019
5014
5012
5011
5010
5009
5008
5007
5006
5003
4999
4995
4989
4988
4982
4981
4980
4980
4979
4976
4975
4973
4968
4967
4963
4961
4960
4957
4956
4954
4951
4950
4949
4948
4945
4939
4937
4932
4929
4928
4928
4919
4917
4912
4910
4907
4905
4898
4896
4894
4894
4894
4891
4889
4888
4886
4885
4881
4880
4880
4879
4878
4878
4878
4875
4870
4868
4867
4863
4860
4856
4855
4854
4852
4851
4851
4850
4850
4843
4841
4837
4837
4837
4836
4836
4830
4829
4828
4818
4815
4811
4804
4803
4800
4797
4795
4795
4791
4791
4790
4784
4779
4779
4778
4776
4774
4773
4770
4767
4762
4757
4753
4748
4745
4744
4744
4743
4741
4736
4736
4734
4733
4729
4728
4727
4726
4721
4715
4709
4707
4706
4704
4702
4702
4701
4699
4697
4692
4690
4687
4687
4686
4684
4674
4673
4665
4661
4661
4654
4647
4642
4635
4630
4623
4622
4618
4610
4608
4606
4606
4597
4592
4591
4585
4582
4580
4579
4570
4570
4567
4566
4566
4550
4550
4548
4547
4546
4545
4544
4542
4542
4535
4533
4526
4516
4516
4515
4510
4504
4502
4495
4492
4492
4487
4486
4483
4482
4478
4475
4474
4473
4470
4470
4468
4463
4461
4460
4458
4457
4455
4450
4445
4443
4442
4438
4438
4437
4435
4429
4429
4428
4425
4424
4419
4412
4407
4405
4398
4398
4397
4396
4394
4392
4391
4386
4382
4381
4376
4376
4373
4366
4363
4361
4361
4360
4359
4356
4355
4355
4349
4348
4344
4335
4321
4317
4316
4314
4314
4306
4299
4299
4298
4295
4294
4293
4293
4285
4285
4283
4282
4280
4277
4273
4269
4259
4248
4246
4242
4241
4238
4238
4237
4234
4230
4226
4221
4217
4214
4210
4205
4205
4201
4198
4195
4194
4189
4186
4183
4173
4171
4162
4158
4153
4153
4148
4147
4146
4140
4132
4132
4130
4128
4126
4126
4125
4125
4122
4121
4120
4119
4117
4116
4114
4112
4109
4108
4107
4105
4104
4102
4100
4096
4092
4091
4090
4089
4086
4084
4077
4074
4070
4068
4066
4061
4054
4054
4052
4047
4041
4040
4039
4038
4031
4028
4027
4027
4020
4018
4018
4014
4011
4011
4011
4007
4001
3999
3997
3996
3995
3993
3992
3989
3988
3987
3985
3980
3980
3979
3979
3977
3975
3975
3971
3971
3968
3968
3962
3959
3955
3954
3954
3953
3948
3945
3942
3940
3938
3932
3929
3922
3919
3917
3916
3912
3908
3906
3902
3901
3899
3898
3895
3891
3890
3888
3884
3881
3879
3879
3870
3870
3868
3868
3859
3858
3857
3856
3855
3854
3854
3849
3843
3843
3841
3833
3825
3824
3823
3823
3819
3815
3815
3814
3813
3812
3806
3805
3801
3800
3800
3799
3798
3798
3797
3797
3797
3796
3794
3794
3793
3792
3780
3779
3778
3777
3773
3772
3770
3768
3766
3764
3761
3761
3761
3757
3754
3749
3746
3744
3740
3739
3738
3736
3733
3733
3728
3726
3726
3726
3725
3723
3719
3718
3708
3706
3705
3701
3699
3694
3691
3689
3682
3679
3679
3678
3676
3668
3661
3654
3652
3651
3649
3645
3644
3641
3639
3637
3634
3630
3629
3626
3626
3626
3623
3623
3622
3620
3616
3614
3612
3610
3609
3609
3609
3600
3597
3596
3595
3594
3592
3592
3589
3589
3575
3574
3572
3572
3569
3564
3560
3558
3545
3544
3536
3534
3529
3528
3522
3519
3517
3515
3508
3498
3497
3483
3481
3475
3473
3468
3462
3454
3454
3440
3440
3437
3436
3435
3433
3420
3420
3416
3416
3411
3409
3407
3407
3406
3402
3400
3400
3399
3397
3397
3396
3392
3383
3374
3374
3368
3365
3362
3362
3360
3360
3356
3356
3352
3347
3347
3346
3346
3340
3338
3338
3334
3331
3328
3326
3325
3323
3320
3317
3315
3313
3312
3308
3308
3305
3304
3304
3298
3298
3297
3292
3288
3283
3280
3278
3276
3275
3269
3266
3266
3264
3263
3263
3263
3262
3260
3257
3255
3255
3250
3246
3240
3240
3239
3238
3237
3232
3228
3220
3217
3214
3209
3207
3206
3205
3197
3190
3186
3185
3183
3180
3176
3174
3171
3171
3168
3167
3163
3160
3159
3152
3151
3146
3143
3143
3141
3137
3131
3127
3123
3123
3122
3115
3113
3113
3107
3101
3100
3098
3098
3095
3088
3086
3085
3082
3076
3072
3067
3063
3058
3057
3057
3054
3052
3051
3044
3031
3027
3027
3020
3015
3014
3014
3012
3007
3006
3005
3005
3004
3004
3003
2996
2996
2992
2986
2984
2983
2982
2981
2980
2977
2972
2971
2969
2964
2964
2960
2959
2958
2957
2952
2952
2952
2949
2948
2945
2943
2943
2943
2934
2933
2930
2928
2927
2926
2922
2921
2919
2916
2915
2909
2908
2902
2898
2897
2895
2895
2893
2887
2882
2881
2880
2879
2877
2873
2864
2863
2863
2859
2854
2851
2847
2846
2846
2842
2836
2832
2831
2829
2829
2821
2813
2812
2806
2805
2796
2795
2793
2789
2784
2775
2774
2769
2767
2762
2759
2758
2757
2756
2751
2744
2743
2741
2737
2737
2736
2733
2731
2730
2726
2724
2721
2719
2716
2711
2699
2686
2686
2682
2682
2682
2677
2674
2673
2673
2669
2666
2666
2661
2657
2654
2653
2652
2651
2646
2643
2643
2640
2639
2637
2636
2633
2633
2631
2630
2630
2628
2626
2620
2618
2618
2616
2616
2614
2614
2614
2613
2610
2599
2598
2598
2596
2591
2591
2589
2588
2588
2588
2585
2580
2576
2573
2571
2570
2569
2567
2562
2560
2560
2558
2554
2554
2551
2551
2548
2548
2541
2539
2539
2532
2528
2528
2527
2524
2519
2513
2506
2505
2503
2501
2497
2494
2485
2483
2479
2479
2477
2472
2469
2468
2460
2448
2447
2443
2428
2427
2416
2414
2412
2407
2407
2406
2405
2399
2397
2396
2393
2392
2391
2388
2387
2386
2385
2382
2380
2379
2379
2379
2375
2374
2367
2363
2359
2358
2358
2351
2349
2347
2346
2343
2342
2339
2338
2331
2330
2329
2318
2311
2307
2302
2296
2288
2288
2278
2277
2275
2272
2272
2266
2265
2263
2262
2260
2258
2255
2253
2248
2245
2239
2234
2233
2231
2231
2231
2230
2228
2226
2225
2224
2221
2220
2214
2209
2209
2207
2206
2202
2201
2201
2195
2194
2194
2194
2192
2186
2186
2183
2180
2175
2175
2174
2173
2171
2168
2165
2164
2163
2161
2160
2159
2159
2145
2143
2142
2142
2134
2134
2129
2129
2128
2118
2113
2111
2109
2106
2103
2099
2095
2095
2089
2086
2084
2078
2068
2065
2060
2060
2060
2054
2048
2047
2044
2042
2039
2037
2033
2033
2031
2027
2026
2011
2010
2007
2006
2003
2003
2003
1999
1996
1996
1996
1992
1986
1985
1981
1977
1977
1976
1973
1970
1963
1956
1948
1946
1946
1945
1945
1942
1936
1933
1933
1926
1925
1924
1920
1917
1915
1913
1913
1908
1907
1896
1895
1894
1893
1891
1888
1887
1885
1881
1880
1879
1878
1873
1870
1868
1858
1855
1851
1851
1849
1843
1839
1837
1836
1832
1831
1830
1828
1828
1826
1825
1822
1810
1807
1803
1802
1798
1796
1795
1793
1786
1783
1778
1771
1771
1768
1768
1766
1763
1754
1744
1737
1736
1735
1732
1726
1724
1723
1722
1720
1716
1714
1711
1701
1701
1695
1694
1693
1692
1692
1691
1684
1680
1675
1672
1666
1660
1652
1648
1647
1644
1644
1639
1632
1625
1617
1615
1614
1612
1596
1595
1594
1594
1589
1587
1584
1581
1581
1580
1574
1573
1573
1567
1564
1563
1556
1556
1554
1553
1547
1546
1546
1545
1544
1544
1542
1540
1533
1532
1522
1510
1506
1506
1506
1505
1503
1501
1499
1489
1481
1479
1477
1476
1474
1474
1473
1472
1469
1466
1463
1463
1461
1460
1460
1459
1458
1457
1455
1453
1448
1444
1443
1441
1437
1428
1426
1425
1420
1419
1418
1418
1416
1404
1396
1396
1391
1388
1388
1385
1385
1384
1368
1366
1363
1361
1359
1356
1353
1353
1352
1348
1343
1336
1329
1326
1325
1324
1323
1323
1317
1313
1310
1300
1299
1299
1292
1289
1284
1282
1272
1270
1267
1265
1256
1255
1254
1254
1252
1250
1249
1246
1244
1244
1243
1240
1239
1235
1235
1234
1233
1232
1223
1220
1218
1217
1217
1216
1215
1211
1205
1201
1201
1199
1199
1198
1187
1185
1182
1182
1181
1181
1165
1164
1157
1153
1152
1150
1146
1141
1136
1133
1131
1130
1130
1125
1121
1117
1116
1115
1114
1112
1109
1104
1100
1098
1098
1095
1088
1084
1079
1077
1077
1077
1074
1072
1069
1060
1060
1058
1049
1045
1044
1043
1041
1040
1040
1038
1037
1037
1036
1036
1035
1032
1021
1019
1018
1017
1015
1013
1012
1009
1004
1004
1004
1002
999
997
995
992
990
989
985
985
983
979
977
977
977
970
970
966
965
963
955
952
950
948
947
947
946
944
942
941
940
939
927
926
925
924
923
919
919
918
914
912
906
905
904
904
904
903
901
898
898
890
884
877
874
873
870
866
857
855
855
854
850
848
848
845
842
838
837
831
830
830
829
828
827
825
821
820
818
817
817
816
813
812
804
802
801
801
799
799
799
798
797
796
791
784
779
778
768
766
753
750
746
745
744
744
743
740
731
727
727
726
726
721
720
716
716
714
713
707
705
703
702
698
695
690
689
685
683
682
681
680
676
673
672
671
669
668
666
666
665
660
657
653
653
651
650
650
649
648
642
641
637
637
632
632
623
619
618
618
611
611
611
607
606
600
596
594
593
589
588
587
587
587
583
581
578
576
576
575
569
556
546
536
527
523
516
507
502
498
492
491
491
487
485
484
482
478
476
469
468
466
458
451
451
449
439
438
430
423
422
412
409
408
404
401
395
395
392
391
391
388
387
383
370
367
367
366
366
364
362
360
359
358
354
354
352
351
351
338
336
335
332
323
319
311
310
310
308
307
306
305
305
303
297
296
294
294
289
285
285
283
283
281
278
275
272
267
261
252
250
248
246
245
244
242
235
231
229
227
218
215
213
210
206
205
198
197
191
188
186
185
185
180
178
178
174
174
168
168
166
165
165
162
161
161
160
157
156
155
151
145
143
140
139
132
129
128
123
123
120
111
104
103
94
90
90
89
89
87
85
82
80
78
78
70
69
67
63
63
55
52
50
46
33
32
32
32
29
28
23
23
15
12
11
10
9
