14000
0
1
5
5
5
9
12
15
18
25
25
26
28
31
32
37
38
39
43
44
48
49
51
52
52
54
56
59
61
63
68
68
70
72
74
76
79
79
81
82
85
87
91
91
93
103
105
106
106
108
116
120
120
122
124
125
126
126
130
131
132
132
134
135
137
139
143
143
143
145
150
157
161
163
166
168
171
172
184
186
197
198
201
202
204
205
205
206
208
209
209
220
222
223
225
227
228
229
231
232
232
237
238
238
240
243
244
246
246
249
252
257
259
267
273
274
275
277
277
277
283
284
286
288
289
290
292
294
298
298
298
301
303
305
306
307
315
316
324
329
336
338
338
341
347
347
350
352
353
355
355
357
357
358
361
364
365
365
370
371
371
372
372
375
375
376
376
382
387
388
391
397
404
414
415
416
416
420
421
422
422
424
426
429
430
431
432
433
433
435
435
437
440
440
441
443
444
447
448
449
450
451
457
465
469
471
471
473
475
477
479
480
481
482
483
483
486
487
489
491
491
491
491
492
493
495
496
499
507
509
509
518
520
520
521
522
523
524
526
531
532
532
538
543
543
546
547
547
554
557
561
565
571
571
573
573
577
583
584
586
591
596
600
602
606
607
607
610
611
612
616
617
620
632
633
635
652
656
657
657
657
658
659
663
664
675
677
679
680
680
684
684
685
686
692
693
693
694
697
697
699
700
700
703
703
705
708
711
717
718
721
727
728
729
735
735
736
736
737
737
739
743
745
746
748
749
753
754
754
757
759
762
763
764
765
765
766
767
767
771
774
775
775
775
778
779
784
785
787
790
791
793
794
795
796
796
798
800
802
802
805
805
808
809
811
811
813
818
818
822
822
823
824
830
834
836
841
842
842
845
849
849
854
854
857
858
866
867
867
869
878
879
880
883
889
890
896
907
910
911
912
914
917
924
928
928
929
934
934
936
938
938
939
939
941
942
944
944
946
947
950
950
950
955
956
956
959
962
962
966
966
971
972
972
976
982
983
985
986
986
987
988
991
997
1003
1003
1003
1006
1006
1008
1009
1009
1018
1019
1019
1020
1020
1021
1026
1028
1032
1032
1033
1034
1039
1041
1045
1045
1047
1053
1057
1061
1061
1064
1066
1067
1069
1070
1070
1070
1074
1075
1076
1078
1082
1084
1085
1086
1087
1088
1088
1101
1106
1114
1116
1117
1124
1125
1128
1128
1129
1133
1139
1150
1157
1158
1160
1168
1170
1170
1170
1172
1173
1178
1179
1182
1183
1183
1188
1189
1192
1193
1202
1202
1204
1204
1206
1212
1213
1214
1215
1219
1221
1222
1222
1223
1228
1231
1234
1241
1241
1242
1248
1250
1256
1261
1264
1264
1266
1267
1267
1269
1273
1274
1274
1275
1277
1279
1281
1281
1282
1289
1301
1302
1304
1307
1312
1323
1324
1324
1332
1333
1335
1337
1338
1338
1339
1340
1342
1345
1347
1348
1351
1355
1362
1364
1366
1370
1374
1375
1376
1377
1379
1379
1380
1383
1383
1385
1387
1390
1391
1399
1402
1405
1406
1407
1409
1410
1413
1415
1417
1422
1423
1423
1424
1428
1430
1430
1430
1435
1437
1440
1444
1445
1446
1447
1448
1448
1449
1451
1453
1453
1453
1458
1459
1460
1462
1462
1464
1464
1474
1474
1476
1481
1482
1482
1489
1494
1497
1506
1507
1511
1515
1516
1516
1517
1518
1518
1522
1530
1530
1531
1532
1532
1532
1532
1536
1537
1537
1540
1543
1544
1544
1545
1549
1554
1555
1556
1557
1557
1560
1564
1564
1565
1569
1574
1574
1575
1575
1577
1578
1580
1584
1585
1587
1587
1593
1593
1593
1594
1596
1599
1602
1604
1607
1608
1609
1612
1621
1622
1627
1629
1635
1636
1637
1639
1643
1644
1645
1647
1647
1649
1654
1655
1657
1661
1664
1666
1670
1671
1673
1674
1675
1677
1679
1686
1686
1686
1687
1689
1692
1692
1692
1693
1695
1695
1695
1700
1701
1702
1703
1709
1711
1712
1718
1719
1727
1729
1732
1733
1733
1733
1735
1737
1738
1738
1740
1742
1742
1749
1750
1751
1751
1754
1758
1759
1761
1762
1764
1764
1764
1769
1771
1773
1778
1778
1780
1783
1786
1792
1797
1802
1804
1804
1804
1808
1808
1810
1812
1814
1815
1817
1817
1823
1827
1829
1837
1838
1839
1840
1842
1842
1844
1845
1847
1858
1859
1860
1860
1865
1870
1871
1874
1879
1884
1884
1884
1884
1886
1891
1893
1903
1903
1903
1904
1906
1912
1916
1920
1921
1924
1929
1930
1932
1934
1938
1939
1944
1946
1949
1951
1953
1953
1954
1962
1965
1968
1970
1973
1973
1974
1975
1978
1979
1980
1981
1982
1983
1986
1987
1988
1990
1994
1996
2005
2011
2026
2027
2035
2041
2045
2048
2048
2053
2060
2062
2062
2063
2065
2066
2070
2071
2076
2078
2081
2081
2082
2082
2084
2087
2089
2090
2091
2096
2098
2099
2102
2104
2109
2112
2112
2113
2114
2115
2124
2124
2124
2125
2125
2131
2131
2131
2134
2135
2138
2138
2141
2142
2143
2146
2147
2150
2150
2163
2167
2172
2176
2177
2180
2184
2184
2194
2196
2196
2199
2200
2206
2207
2208
2210
2210
2210
2212
2212
2224
2228
2229
2230
2232
2234
2239
2242
2242
2243
2254
2254
2256
2258
2259
2259
2261
2264
2274
2275
2275
2275
2278
2289
2289
2294
2299
2303
2307
2308
2312
2312
2315
2316
2321
2326
2326
2326
2328
2329
2330
2332
2336
2338
2338
2339
2340
2342
2344
2345
2347
2347
2348
2349
2351
2351
2354
2357
2357
2359
2361
2361
2362
2366
2380
2380
2380
2384
2384
2386
2395
2395
2398
2403
2403
2410
2413
2414
2422
2425
2427
2428
2428
2429
2431
2432
2433
2433
2434
2435
2439
2439
2440
2450
2450
2450
2452
2452
2454
2461
2463
2464
2465
2466
2472
2479
2480
2482
2484
2486
2486
2488
2489
2491
2493
2494
2495
2497
2497
2500
2501
2501
2503
2503
2505
2505
2507
2507
2508
2508
2511
2512
2513
2519
2523
2523
2524
2524
2525
2529
2531
2532
2534
2537
2538
2544
2548
2552
2555
2556
2556
2559
2561
2562
2563
2563
2568
2571
2578
2578
2579
2583
2586
2587
2589
2608
2608
2609
2610
2615
2621
2622
2625
2626
2634
2640
2640
2641
2642
2648
2651
2657
2659
2662
2664
2665
2667
2667
2672
2677
2677
2678
2679
2681
2685
2687
2693
2698
2698
2698
2703
2704
2706
2712
2714
2716
2720
2721
2721
2721
2725
2729
2730
2739
2739
2744
2749
2750
2752
2756
2759
2759
2759
2760
2760
2763
2769
2771
2773
2776
2778
2778
2778
2778
2783
2787
2787
2792
2792
2794
2797
2797
2808
2814
2814
2815
2815
2818
2820
2825
2825
2827
2830
2832
2834
2835
2836
2842
2843
2846
2851
2855
2856
2858
2859
2861
2861
2862
2867
2870
2874
2875
2881
2882
2883
2883
2887
2890
2891
2891
2892
2892
2898
2899
2902
2905
2905
2906
2910
2916
2916
2916
2918
2919
2922
2925
2927
2927
2927
2929
2929
2931
2932
2933
2934
2937
2937
2938
2950
2950
2950
2955
2955
2959
2960
2963
2964
2965
2965
2966
2966
2967
2969
2970
2971
2974
2974
2979
2982
2983
2983
2983
2986
2986
2990
2991
2991
2996
2996
3000
3001
3001
3003
3003
3005
3006
3009
3015
3016
3017
3021
3024
3025
3028
3030
3033
3034
3040
3044
3049
3052
3053
3055
3058
3058
3060
3060
3063
3064
3064
3066
3070
3072
3072
3075
3079
3079
3083
3084
3085
3086
3087
3090
3095
3096
3098
3101
3103
3104
3106
3112
3117
3117
3120
3121
3123
3123
3123
3124
3128
3133
3133
3134
3139
3143
3146
3152
3153
3155
3158
3160
3160
3164
3164
3166
3166
3167
3168
3168
3170
3171
3172
3172
3174
3174
3176
3178
3179
3182
3184
3184
3188
3193
3198
3200
3203
3204
3205
3205
3205
3206
3208
3209
3211
3214
3215
3216
3217
3217
3221
3226
3228
3229
3230
3230
3232
3234
3238
3239
3240
3245
3246
3251
3252
3254
3263
3263
3266
3269
3270
3277
3278
3280
3282
3285
3288
3289
3289
3290
3295
3296
3300
3301
3303
3303
3304
3307
3307
3309
3311
3315
3315
3316
3316
3316
3319
3321
3321
3323
3323
3326
3327
3327
3329
3331
3334
3345
3347
3347
3348
3351
3353
3353
3365
3365
3367
3368
3369
3371
3371
3372
3375
3377
3378
3380
3384
3387
3387
3387
3388
3391
3395
3398
3400
3400
3401
3408
3412
3413
3415
3415
3415
3419
3421
3422
3425
3428
3429
3429
3429
3433
3433
3434
3435
3437
3445
3445
3448
3449
3451
3451
3457
3468
3468
3468
3468
3469
3469
3472
3479
3485
3491
3493
3498
3498
3501
3505
3506
3509
3510
3511
3513
3514
3518
3519
3520
3520
3529
3533
3535
3535
3540
3540
3541
3545
3549
3549
3549
3553
3554
3555
3556
3558
3559
3560
3566
3569
3570
3573
3574
3574
3576
3577
3578
3580
3583
3590
3591
3595
3597
3597
3601
3601
3607
3609
3609
3610
3611
3616
3620
3620
3625
3626
3633
3637
3640
3641
3642
3642
3643
3644
3648
3652
3658
3660
3660
3663
3665
3665
3666
3669
3673
3673
3675
3679
3681
3688
3689
3693
3693
3695
3695
3695
3696
3699
3703
3703
3710
3712
3714
3714
3715
3716
3717
3719
3721
3721
3723
3733
3735
3737
3738
3738
3741
3744
3745
3746
3746
3751
3757
3758
3758
3761
3761
3765
3765
3766
3768
3768
3769
3770
3771
3772
3776
3778
3782
3783
3790
3794
3796
3801
3801
3807
3809
3815
3815
3828
3828
3830
3833
3836
3837
3839
3842
3845
3848
3852
3854
3855
3856
3864
3867
3868
3869
3870
3872
3874
3881
3883
3885
3898
3901
3903
3903
3904
3906
3906
3909
3909
3909
3914
3917
3919
3921
3924
3925
3927
3927
3927
3928
3928
3929
3929
3930
3931
3932
3932
3933
3934
3936
3936
3938
3939
3940
3941
3945
3946
3946
3949
3950
3951
3956
3957
3959
3970
3971
3972
3972
3981
3982
3983
3983
3984
3985
3986
3991
3992
3992
3995
3998
4001
4004
4007
4009
4012
4012
4012
4014
4020
4020
4021
4023
4023
4025
4029
4032
4034
4036
4037
4045
4046
4054
4054
4058
4059
4060
4067
4080
4080
4093
4096
4097
4098
4099
4101
4102
4111
4115
4116
4123
4125
4125
4127
4130
4134
4134
4139
4139
4140
4140
4141
4142
4143
4143
4144
4147
4147
4147
4147
4151
4152
4154
4158
4160
4161
4163
4169
4171
4171
4173
4177
4179
4182
4185
4185
4185
4196
4196
4197
4200
4200
4204
4205
4206
4208
4210
4212
4213
4213
4214
4214
4217
4219
4220
4221
4221
4222
4226
4226
4227
4230
4232
4233
4236
4241
4242
4243
4252
4254
4254
4255
4255
4258
4259
4262
4263
4264
4266
4277
4282
4291
4291
4294
4296
4297
4302
4302
4305
4305
4306
4310
4313
4313
4319
4320
4322
4323
4324
4325
4325
4329
4332
4337
4338
4339
4341
4342
4347
4349
4352
4354
4354
4358
4361
4361
4362
4362
4363
4363
4364
4367
4367
4368
4370
4372
4375
4376
4379
4385
4387
4389
4391
4399
4405
4407
4410
4411
4416
4417
4421
4421
4423
4423
4425
4427
4429
4430
4435
4435
4439
4440
4441
4441
4442
4449
4449
4456
4460
4462
4464
4465
4467
4469
4472
4477
4478
4479
4479
4485
4486
4490
4494
4496
4496
4499
4500
4501
4501
4503
4504
4505
4507
4509
4513
4514
4522
4522
4522
4523
4529
4530
4531
4549
4554
4555
4556
4560
4564
4568
4570
4571
4572
4573
4576
4580
4582
4582
4585
4585
4592
4596
4598
4598
4599
4600
4601
4603
4603
4607
4608
4610
4611
4612
4620
4622
4631
4642
4645
4649
4651
4651
4652
4653
4655
4656
4657
4664
4665
4667
4668
4669
4670
4675
4679
4680
4683
4683
4685
4690
4696
4701
4703
4703
4704
4704
4708
4709
4709
4710
4711
4714
4718
4719
4720
4720
4723
4730
4732
4734
4735
4736
4739
4745
4745
4747
4748
4748
4751
4753
4755
4756
4756
4759
4771
4774
4774
4774
4775
4783
4784
4784
4784
4791
4797
4801
4803
4805
4809
4811
4811
4815
4819
4822
4823
4824
4824
4824
4826
4828
4830
4835
4838
4840
4843
4844
4846
4848
4849
4850
4855
4861
4866
4868
4868
4869
4870
4875
4879
4879
4885
4888
4889
4897
4898
4902
4903
4904
4905
4906
4907
4908
4913
4914
4914
4917
4918
4925
4928
4930
4932
4941
4942
4944
4946
4948
4950
4952
4953
4956
4958
4960
4964
4967
4972
4973
4975
4978
4980
4982
4982
4984
4987
4987
4989
4992
4993
5007
5011
5012
5014
5018
5019
5022
5023
5024
5024
5026
5033
5033
5035
5039
5040
5041
5047
5049
5049
5051
5052
5053
5055
5056
5056
5057
5058
5060
5061
5061
5064
5067
5069
5071
5076
5078
5082
5084
5087
5088
5094
5095
5095
5096
5097
5102
5105
5107
5110
5113
5117
5117
5118
5120
5121
5124
5125
5126
5130
5131
5133
5135
5136
5137
5137
5138
5147
5150
5156
5158
5158
5165
5176
5181
5181
5182
5187
5194
5194
5196
5197
5199
5201
5202
5202
5205
5205
5205
5206
5208
5210
5211
5215
5215
5219
5220
5221
5223
5226
5230
5231
5231
5235
5239
5247
5248
5250
5250
5251
5251
5253
5256
5257
5259
5259
5263
5265
5267
5270
5271
5271
5277
5277
5283
5288
5290
5292
5293
5299
5301
5304
5307
5308
5309
5309
5311
5313
5313
5314
5314
5314
5315
5316
5317
5317
5324
5325
5327
5327
5329
5331
5331
5332
5333
5334
5334
5336
5338
5341
5342
5346
5351
5352
5355
5359
5362
5362
5365
5367
5368
5371
5376
5379
5380
5381
5383
5385
5387
5388
5395
5396
5397
5411
5412
5415
5415
5420
5420
5421
5423
5424
5425
5427
5429
5430
5437
5439
5441
5443
5444
5444
5446
5451
5454
5460
5467
5467
5468
5469
5473
5480
5485
5485
5487
5492
5492
5492
5495
5495
5505
5507
5509
5510
5510
5513
5518
5519
5527
5531
5534
5535
5537
5537
5538
5543
5544
5546
5553
5556
5557
5557
5557
5557
5560
5561
5568
5568
5569
5569
5570
5572
5573
5573
5574
5577
5577
5578
5578
5578
5582
5583
5586
5586
5591
5595
5596
5598
5599
5600
5607
5616
5620
5620
5620
5622
5628
5630
5631
5632
5641
5643
5643
5648
5651
5652
5664
5664
5667
5671
5673
5677
5680
5681
5683
5684
5688
5688
5688
5688
5688
5689
5693
5693
5693
5694
5697
5698
5701
5702
5703
5707
5707
5709
5710
5711
5711
5712
5712
5714
5716
5717
5722
5726
5726
5727
5728
5728
5731
5735
5735
5737
5738
5740
5743
5744
5752
5753
5753
5760
5761
5762
5763
5765
5767
5767
5767
5768
5772
5776
5776
5777
5782
5784
5789
5791
5795
5796
5796
5798
5799
5800
5803
5804
5805
5805
5806
5809
5816
5816
5817
5817
5821
5826
5828
5831
5831
5835
5835
5842
5844
5849
5851
5853
5855
5857
5862
5862
5862
5864
5864
5865
5866
5866
5866
5867
5870
5872
5878
5878
5879
5887
5890
5895
5900
5901
5901
5902
5905
5905
5908
5912
5914
5914
5916
5918
5919
5919
5920
5923
5926
5931
5931
5933
5934
5935
5936
5940
5954
5956
5957
5961
5962
5965
5966
5967
5970
5971
5972
5972
5978
5980
5984
5985
5999
5999
6000
6000
6000
6000
6007
6009
6010
6010
6010
6010
6013
6015
6018
6019
6020
6021
6021
6022
6033
6035
6037
6038
6038
6039
6040
6044
6054
6055
6058
6060
6064
6065
6066
6066
6067
6069
6070
6071
6073
6074
6074
6075
6075
6083
6084
6085
6089
6089
6090
6093
6095
6097
6099
6099
6099
6100
6108
6108
6109
6110
6111
6112
6115
6116
6118
6121
6122
6123
6124
6127
6127
6129
6131
6137
6141
6142
6143
6145
6145
6149
6150
6153
6155
6159
6160
6164
6166
6177
6186
6188
6191
6194
6197
6200
6202
6207
6207
6210
6219
6221
6222
6224
6225
6225
6228
6228
6231
6231
6233
6234
6236
6242
6244
6248
6252
6253
6253
6254
6255
6257
6258
6259
6260
6262
6262
6267
6267
6272
6278
6278
6279
6283
6283
6286
6287
6290
6292
6292
6294
6294
6298
6301
6302
6306
6306
6306
6307
6311
6314
6320
6320
6325
6327
6327
6328
6330
6331
6341
6341
6342
6343
6345
6348
6349
6349
6351
6351
6352
6352
6356
6357
6357
6357
6358
6366
6372
6375
6377
6378
6379
6380
6380
6385
6386
6395
6395
6395
6397
6398
6403
6404
6405
6407
6408
6413
6413
6414
6415
6416
6416
6417
6418
6428
6430
6431
6435
6435
6436
6436
6441
6443
6447
6448
6449
6455
6457
6458
6467
6468
6470
6471
6472
6474
6476
6477
6478
6486
6489
6494
6495
6496
6500
6505
6508
6510
6510
6510
6511
6513
6514
6514
6515
6516
6519
6535
6536
6536
6538
6540
6540
6541
6543
6544
6545
6546
6546
6550
6551
6553
6553
6561
6561
6562
6566
6567
6569
6572
6575
6575
6579
6583
6583
6584
6585
6587
6593
6594
6597
6597
6597
6599
6601
6601
6601
6601
6603
6604
6606
6610
6614
6620
6623
6623
6625
6626
6628
6630
6630
6637
6639
6641
6643
6646
6647
6650
6652
6652
6654
6656
6660
6663
6665
6671
6671
6678
6678
6680
6685
6688
6689
6691
6691
6697
6701
6707
6709
6714
6717
6717
6722
6723
6726
6729
6738
6738
6741
6742
6744
6749
6751
6752
6754
6755
6763
6771
6776
6782
6783
6787
6789
6793
6794
6800
6801
6803
6804
6804
6808
6809
6813
6817
6818
6818
6822
6822
6825
6827
6831
6832
6838
6839
6846
6847
6848
6850
6853
6854
6860
6864
6865
6869
6874
6875
6878
6887
6892
6893
6894
6896
6899
6902
6902
6904
6909
6909
6910
6911
6911
6916
6917
6918
6919
6920
6921
6927
6929
6929
6929
6938
6942
6943
6945
6947
6949
6955
6958
6960
6960
6960
6960
6962
6964
6969
6970
6977
6977
6978
6983
6984
6987
6989
6992
7003
7003
7004
7009
7016
7021
7021
7025
7025
7027
7029
7029
7029
7032
7038
7040
7041
7042
7049
7050
7059
7062
7063
7063
7063
7064
7064
7066
7066
7067
7073
7077
7078
7084
7085
7085
7085
7086
7087
7092
7093
7096
7098
7103
7104
7110
7111
7112
7115
7121
7121
7124
7126
7128
7129
7130
7136
7144
7149
7154
7160
7162
7168
7169
7171
7172
7174
7174
7175
7179
7179
7181
7182
7183
7184
7185
7197
7199
7199
7201
7206
7210
7211
7213
7214
7214
7220
7223
7224
7230
7230
7234
7238
7241
7246
7249
7255
7256
7258
7263
7264
7264
7266
7266
7266
7267
7268
7271
7272
7275
7279
7285
7287
7290
7295
7301
7301
7302
7307
7311
7314
7317
7317
7319
7319
7323
7326
7330
7331
7332
7333
7338
7341
7343
7345
7345
7347
7349
7353
7355
7355
7360
7361
7363
7363
7367
7368
7376
7377
7378
7378
7382
7383
7385
7390
7392
7395
7395
7395
7399
7399
7401
7403
7403
7404
7404
7406
7408
7409
7411
7414
7415
7416
7419
7420
7423
7423
7425
7428
7430
7435
7436
7442
7445
7445
7447
7450
7450
7452
7456
7457
7459
7464
7467
7467
7468
7470
7470
7471
7476
7476
7477
7480
7481
7483
7484
7484
7487
7488
7491
7497
7498
7498
7499
7501
7502
7506
7508
7508
7512
7513
7513
7514
7516
7521
7522
7523
7525
7525
7525
7533
7538
7541
7544
7546
7547
7552
7552
7556
7558
7562
7562
7570
7572
7573
7575
7577
7578
7580
7581
7582
7590
7592
7594
7594
7598
7599
7600
7601
7603
7604
7609
7609
7610
7614
7615
7617
7620
7624
7630
7636
7644
7644
7650
7653
7654
7656
7656
7656
7658
7664
7670
7671
7671
7673
7678
7686
7688
7691
7692
7693
7694
7694
7698
7700
7707
7709
7709
7711
7714
7717
7717
7718
7726
7726
7732
7733
7734
7735
7736
7737
7737
7741
7745
7748
7750
7754
7754
7756
7757
7760
7761
7763
7766
7766
7767
7771
7775
7776
7778
7779
7780
7784
7788
7793
7793
7796
7800
7802
7807
7808
7810
7817
7817
7817
7821
7826
7827
7830
7832
7834
7835
7842
7845
7845
7854
7857
7859
7860
7862
7868
7872
7875
7880
7880
7882
7883
7884
7885
7886
7888
7889
7896
7905
7908
7912
7917
7917
7917
7918
7919
7924
7933
7934
7939
7948
7950
7951
7951
7954
7954
7955
7956
7957
7958
7958
7959
7959
7959
7964
7964
7967
7974
7978
7980
7981
7982
7983
7984
7985
7986
7988
7988
7991
7992
7992
7993
7997
7999
8000
8002
8005
8007
8010
8011
8012
8013
8019
8022
8022
8028
8028
8031
8031
8032
8036
8036
8042
8044
8047
8048
8051
8054
8060
8062
8063
8073
8073
8076
8076
8078
8079
8079
8080
8081
8081
8083
8085
8085
8087
8088
8095
8096
8101
8102
8104
8108
8109
8109
8110
8111
8111
8111
8112
8117
8119
8119
8126
8126
8133
8135
8139
8143
8143
8147
8149
8150
8150
8151
8154
8155
8159
8160
8160
8162
8162
8163
8165
8165
8165
8168
8169
8169
8169
8171
8174
8175
8177
8178
8180
8180
8182
8182
8187
8188
8190
8191
8191
8193
8197
8199
8199
8199
8202
8204
8206
8206
8209
8212
8212
8214
8217
8217
8223
8223
8225
8226
8228
8232
8236
8245
8245
8247
8248
8249
8252
8252
8253
8254
8256
8256
8257
8257
8260
8261
8262
8263
8263
8264
8264
8268
8269
8272
8275
8281
8287
8294
8295
8295
8300
8301
8301
8307
8309
8310
8310
8313
8314
8314
8317
8319
8324
8325
8329
8329
8332
8336
8340
8341
8343
8347
8349
8352
8355
8358
8359
8360
8362
8367
8368
8372
8375
8375
8377
8377
8379
8380
8381
8381
8383
8385
8386
8387
8387
8388
8389
8390
8392
8394
8395
8407
8407
8414
8415
8416
8420
8421
8422
8423
8423
8426
8430
8431
8432
8436
8442
8443
8446
8448
8450
8451
8453
8454
8454
8456
8456
8458
8459
8461
8461
8462
8463
8465
8469
8470
8473
8474
8478
8479
8481
8481
8485
8486
8487
8487
8489
8491
8495
8502
8502
8502
8506
8507
8508
8512
8514
8516
8517
8524
8525
8527
8528
8529
8533
8539
8543
8547
8549
8550
8552
8553
8555
8558
8558
8563
8564
8566
8566
8566
8570
8574
8580
8581
8582
8584
8585
8588
8589
8594
8599
8599
8604
8605
8607
8608
8614
8619
8622
8622
8624
8624
8628
8629
8630
8632
8637
8638
8641
8643
8644
8646
8652
8652
8659
8664
8664
8667
8669
8670
8671
8673
8673
8674
8678
8679
8680
8681
8686
8688
8688
8689
8690
8697
8697
8697
8703
8708
8710
8711
8717
8718
8720
8730
8732
8736
8742
8744
8749
8751
8751
8764
8765
8766
8771
8771
8778
8780
8783
8785
8786
8788
8790
8790
8793
8794
8796
8798
8800
8801
8801
8803
8804
8805
8806
8814
8815
8816
8817
8817
8818
8823
8826
8829
8832
8833
8833
8842
8843
8844
8845
8845
8848
8849
8852
8854
8856
8857
8859
8859
8860
8860
8860
8860
8862
8863
8865
8868
8869
8870
8872
8875
8877
8890
8890
8890
8891
8896
8897
8902
8905
8907
8908
8909
8911
8911
8912
8913
8915
8919
8920
8923
8928
8929
8929
8931
8931
8939
8940
8941
8949
8949
8950
8951
8959
8960
8960
8963
8965
8966
8969
8971
8972
8973
8977
8980
8994
8994
8997
8999
9001
9005
9010
9010
9011
9011
9012
9012
9022
9022
9027
9029
9031
9034
9038
9039
9040
9040
9041
9042
9042
9043
9044
9047
9052
9057
9057
9057
9057
9058
9063
9063
9063
9067
9068
9068
9070
9073
9074
9083
9084
9088
9090
9097
9099
9102
9106
9110
9113
9115
9123
9125
9127
9129
9130
9130
9132
9134
9134
9139
9139
9142
9144
9145
9145
9145
9146
9149
9154
9163
9164
9164
9167
9168
9173
9173
9173
9174
9176
9177
9183
9184
9184
9193
9194
9195
9199
9202
9204
9214
9215
9216
9222
9224
9229
9230
9230
9233
9238
9252
9258
9258
9261
9262
9268
9268
9269
9269
9276
9277
9277
9277
9278
9278
9284
9284
9288
9291
9297
9297
9299
9300
9302
9302
9306
9306
9306
9311
9312
9313
9315
9321
9322
9322
9323
9324
9325
9327
9329
9330
9333
9337
9341
9342
9346
9348
9354
9354
9359
9359
9361
9368
9369
9370
9376
9376
9381
9384
9392
9394
9395
9395
9397
9397
9399
9401
9401
9402
9402
9419
9420
9420
9422
9424
9426
9432
9434
9435
9438
9440
9441
9442
9442
9445
9445
9445
9448
9450
9456
9462
9464
9466
9467
9471
9472
9472
9473
9474
9476
9476
9479
9482
9484
9486
9498
9499
9502
9502
9507
9507
9512
9516
9521
9522
9525
9525
9530
9537
9539
9544
9544
9552
9555
9555
9563
9565
9569
9574
9577
9578
9579
9581
9584
9585
9589
9590
9590
9593
9594
9597
9598
9602
9602
9604
9613
9616
9616
9616
9616
9627
9629
9629
9632
9632
9635
9635
9639
9640
9643
9644
9645
9645
9647
9651
9652
9654
9657
9660
9661
9662
9663
9667
9671
9672
9673
9678
9682
9687
9688
9688
9689
9697
9699
9700
9702
9704
9704
9704
9707
9710
9713
9716
9722
9723
9723
9730
9735
9738
9738
9746
9749
9749
9749
9752
9755
9757
9757
9757
9758
9758
9761
9767
9770
9771
9774
9775
9775
9776
9779
9783
9787
9790
9791
9792
9793
9797
9800
9801
9801
9801
9812
9813
9813
9820
9820
9825
9832
9832
9839
9844
9845
9851
9851
9852
9857
9866
9871
9872
9873
9873
9874
9874
9874
9876
9879
9879
9881
9882
9883
9885
9888
9894
9896
9901
9902
9904
9908
9910
9910
9914
9917
9918
9921
9927
9927
9931
9931
9939
9948
9951
9952
9955
9956
9957
9961
9961
9968
9973
9973
9974
9974
9987
9988
9991
9993
10004
10008
10010
10011
10013
10016
10016
10017
10021
10022
10023
10023
10024
10024
10027
10028
10033
10037
10037
10038
10040
10042
10042
10045
10047
10053
10056
10066
10070
10073
10077
10077
10077
10078
10078
10081
10089
10090
10091
10093
10094
10095
10097
10099
10106
10109
10112
10112
10112
10117
10117
10121
10122
10122
10127
10127
10128
10129
10129
10130
10134
10134
10135
10135
10141
10145
10151
10152
10153
10158
10160
10164
10171
10178
10180
10182
10185
10186
10188
10188
10189
10193
10199
10204
10204
10209
10212
10212
10213
10214
10216
10217
10217
10222
10234
10235
10236
10237
10239
10240
10246
10249
10257
10262
10263
10270
10272
10274
10274
10279
10285
10293
10295
10298
10298
10303
10304
10304
10307
10307
10309
10310
10313
10316
10317
10321
10323
10324
10324
10325
10325
10327
10327
10327
10330
10332
10334
10336
10339
10341
10342
10343
10344
10345
10348
10350
10352
10358
10360
10361
10363
10365
10367
10368
10369
10371
10372
10372
10375
10381
10388
10388
10394
10402
10408
10416
10419
10421
10421
10425
10428
10429
10429
10434
10447
10448
10453
10454
10459
10460
10466
10469
10469
10474
10481
10483
10486
10487
10488
10489
10491
10498
10498
10502
10505
10505
10505
10507
10507
10509
10510
10511
10512
10513
10513
10519
10521
10523
10525
10525
10525
10526
10526
10530
10530
10533
10536
10539
10539
10539
10540
10546
10547
10550
10550
10550
10550
10552
10554
10555
10556
10564
10564
10565
10567
10568
10569
10570
10577
10580
10581
10581
10584
10584
10590
10596
10597
10597
10603
10605
10606
10607
10608
10610
10612
10621
10622
10622
10624
10624
10626
10626
10628
10629
10634
10641
10641
10643
10644
10644
10647
10647
10647
10651
10656
10658
10660
10666
10667
10669
10669
10674
10676
10678
10682
10684
10684
10684
10692
10695
10699
10700
10700
10701
10706
10707
10711
10712
10715
10715
10719
10720
10723
10723
10723
10726
10734
10736
10737
10737
10744
10754
10757
10759
10768
10770
10774
10775
10778
10793
10798
10801
10806
10807
10809
10813
10813
10817
10821
10825
10826
10831
10838
10838
10843
10844
10844
10846
10849
10855
10857
10859
10863
10865
10870
10875
10875
10877
10886
10889
10894
10900
10902
10903
10904
10905
10909
10910
10912
10917
10918
10918
10919
10919
10922
10924
10924
10928
10934
10934
10936
10936
10939
10940
10942
10943
10946
10949
10950
10952
10953
10960
10964
10969
10970
10976
10976
10979
10982
10986
10991
10994
10994
10996
11000
11000
11001
11002
11004
11004
11006
11008
11010
11018
11024
11029
11033
11037
11038
11043
11044
11044
11047
11047
11048
11049
11050
11050
11055
11056
11056
11056
11057
11062
11065
11074
11075
11076
11077
11079
11080
11085
11088
11088
11092
11092
11096
11096
11101
11102
11105
11105
11110
11114
11115
11118
11118
11119
11120
11120
11120
11126
11128
11133
11133
11136
11136
11137
11141
11143
11144
11144
11147
11147
11147
11148
11148
11150
11151
11153
11154
11158
11160
11164
11164
11164
11166
11169
11175
11176
11180
11182
11182
11182
11183
11183
11186
11190
11193
11197
11200
11207
11213
11213
11214
11215
11221
11222
11222
11224
11226
11226
11228
11232
11234
11235
11238
11241
11242
11246
11247
11252
11255
11256
11259
11259
11263
11264
11266
11270
11272
11274
11281
11281
11285
11291
11292
11296
11296
11302
11303
11310
11310
11310
11312
11313
11317
11322
11323
11324
11326
11336
11340
11342
11343
11345
11348
11349
11354
11356
11361
11363
11364
11366
11367
11373
11375
11378
11378
11384
11390
11394
11395
11397
11398
11400
11401
11402
11402
11408
11413
11419
11419
11420
11423
11425
11425
11426
11426
11430
11431
11436
11437
11438
11441
11444
11446
11446
11456
11457
11458
11462
11464
11467
11470
11474
11475
11480
11486
11488
11488
11489
11490
11492
11493
11496
11497
11498
11498
11499
11499
11499
11501
11510
11511
11514
11523
11523
11526
11528
11529
11530
11533
11533
11536
11548
11551
11552
11552
11559
11563
11570
11576
11577
11582
11582
11586
11587
11588
11589
11589
11592
11594
11594
11598
11598
11599
11599
11600
11607
11610
11614
11616
11616
11617
11618
11621
11626
11628
11628
11628
11629
11630
11631
11632
11632
11635
11636
11640
11641
11641
11644
11647
11648
11648
11649
11652
11658
11662
11667
11667
11669
11680
11681
11681
11681
11682
11682
11682
11683
11691
11704
11706
11707
11709
11709
11716
11719
11722
11722
11723
11728
11728
11730
11732
11733
11734
11736
11740
11740
11744
11744
11745
11745
11747
11747
11749
11749
11753
11756
11757
11760
11761
11762
11762
11765
11766
11766
11766
11768
11770
11777
11778
11783
11784
11784
11785
11786
11789
11789
11792
11794
11796
11797
11799
11799
11802
11803
11804
11804
11804
11806
11807
11811
11817
11818
11818
11827
11837
11848
11848
11849
11849
11861
11863
11865
11867
11869
11876
11879
11886
11886
11887
11888
11889
11891
11893
11893
11897
11897
11899
11901
11904
11905
11907
11908
11908
11909
11910
11911
11911
11917
11918
11919
11919
11922
11923
11925
11925
11927
11930
11930
11933
11934
11935
11935
11941
11941
11942
11944
11946
11947
11947
11947
11950
11953
11953
11956
11958
11958
11966
11967
11968
11973
11975
11976
11978
11978
11978
11981
11983
11984
11988
11992
11998
12002
12009
12010
12015
12017
12017
12019
12023
12025
12027
12032
12033
12038
12041
12044
12044
12047
12050
12059
12070
12072
12077
12078
12080
12085
12087
12089
12091
12094
12105
12107
12108
12112
12115
12117
12118
12120
12120
12121
12121
12122
12123
12128
12134
12134
12135
12136
12141
12144
12145
12148
12149
12151
12153
12156
12158
12165
12165
12167
12170
12170
12172
12173
12174
12177
12178
12178
12178
12179
12181
12185
12187
12187
12188
12189
12192
12193
12195
12196
12198
12198
12199
12202
12203
12207
12215
12216
12216
12218
12218
12218
12220
12224
12228
12229
12232
12233
12234
12236
12237
12240
12240
12241
12243
12252
12252
12252
12255
12255
12259
12264
12265
12267
12272
12277
12277
12279
12280
12281
12282
12284
12288
12290
12290
12292
12296
12298
12302
12302
12303
12303
12303
12304
12311
12319
12320
12323
12323
12327
12330
12330
12331
12331
12332
12334
12340
12344
12345
12346
12348
12349
12350
12353
12354
12355
12367
12367
12368
12373
12375
12376
12381
12385
12386
12386
12388
12390
12390
12391
12391
12392
12408
12409
12411
12412
12414
12415
12416
12418
12419
12420
12421
12422
12424
12430
12432
12432
12432
12433
12434
12436
12438
12438
12442
12444
12445
12446
12446
12450
12463
12464
12465
12467
12467
12468
12473
12473
12481
12482
12483
12483
12485
12486
12487
12489
12491
12491
12491
12492
12493
12493
12495
12498
12499
12506
12507
12507
12510
12511
12512
12513
12518
12520
12522
12527
12528
12536
12541
12544
12545
12555
12556
12557
12559
12560
12561
12564
12565
12566
12570
12573
12575
12583
12583
12587
12593
12593
12598
12603
12605
12606
12608
12613
12615
12615
12617
12625
12625
12627
12628
12629
12629
12633
12637
12638
12639
12640
12640
12642
12651
12658
12660
12661
12664
12664
12666
12668
12671
12673
12676
12679
12679
12680
12687
12688
12689
12690
12690
12692
12694
12695
12695
12696
12698
12700
12700
12701
12707
12713
12714
12717
12718
12719
12720
12725
12728
12729
12729
12731
12734
12734
12736
12738
12743
12744
12748
12751
12754
12754
12757
12760
12761
12766
12773
12777
12782
12783
12789
12791
12794
12795
12796
12798
12799
12800
12800
12801
12804
12805
12806
12810
12810
12815
12824
12826
12827
12828
12831
12832
12832
12841
12843
12844
12845
12847
12851
12853
12857
12858
12860
12860
12863
12863
12865
12867
12867
12868
12875
12890
12895
12896
12903
12904
12905
12907
12908
12911
12913
12914
12916
12920
12920
12920
12921
12921
12929
12929
12933
12937
12939
12941
12942
12942
12946
12947
12947
12953
12953
12956
12959
12960
12961
12962
12964
12964
12965
12965
12967
12970
12971
12971
12972
12973
12974
12975
12979
12980
12981
12983
12988
12990
12993
12993
12995
12997
12997
13002
13006
13007
13009
13012
13016
13016
13016
13022
13024
13028
13033
13035
13037
13037
13037
13038
13042
13044
13053
13057
13058
13060
13061
13062
13063
13067
13067
13068
13070
13074
13078
13080
13080
13084
13085
13093
13093
13093
13093
13095
13096
13097
13100
13102
13105
13106
13110
13110
13112
13113
13114
13117
13119
13120
13122
13129
13130
13131
13138
13139
13139
13143
13145
13146
13149
13155
13158
13159
13162
13164
13164
13165
13167
13167
13171
13173
13175
13176
13179
13179
13183
13189
13193
13196
13204
13204
13205
13206
13214
13217
13218
13221
13222
13222
13223
13224
13224
13225
13228
13229
13229
13230
13230
13231
13234
13236
13236
13239
13242
13242
13243
13244
13250
13254
13263
13266
13268
13270
13278
13281
13284
13288
13292
13293
13294
13302
13305
13307
13308
13313
13313
13318
13319
13319
13322
13325
13330
13331
13332
13332
13333
13338
13338
13344
13345
13347
13347
13352
13353
13357
13364
13365
13368
13368
13370
13371
13375
13376
13377
13382
13386
13389
13399
13406
13406
13407
13411
13422
13423
13426
13426
13438
13439
13440
13443
13447
13448
13449
13453
13453
13455
13456
13459
13462
13462
13466
13469
13476
13478
13479
13480
13481
13483
13485
13490
13493
13496
13499
13504
13505
13505
13507
13509
13512
13516
13516
13518
13523
13524
13533
13535
13537
13539
13539
13542
13543
13547
13555
13556
13560
13560
13561
13561
13562
13566
13569
13569
13569
13571
13573
13574
13578
13579
13583
13584
13585
13592
13594
13595
13595
13598
13598
13603
13604
13605
13607
13609
13610
13610
13611
13613
13616
13617
13626
13630
13630
13631
13635
13638
13648
13649
13655
13659
13659
13659
13661
13662
13665
13668
13672
13678
13678
13679
13679
13682
13686
13687
13691
13694
13694
13703
13704
13705
13705
13706
13707
13707
13707
13710
13711
13711
13716
13718
13721
13721
13728
13730
13731
13732
13732
13734
13736
13737
13738
13739
13740
13740
13742
13743
13744
13745
13749
13756
13757
13757
13763
13765
13769
13769
13773
13780
13786
13787
13787
13789
13792
13793
13794
13795
13796
13796
13796
13799
13799
13800
13803
13805
13807
13808
13811
13812
13817
13818
13819
13826
13829
13830
13832
13837
13840
13840
13843
13843
13848
13856
13856
13860
13869
13871
13872
13872
13872
13877
13877
13882
13886
13887
13892
13894
13894
13896
13897
13898
13898
13899
13900
13902
13904
13905
13910
13911
13912
13914
13914
13916
13925
13926
13927
13932
13937
13939
13940
13940
13943
13944
13947
13952
13958
13961
13961
13965
13966
13973
13976
13976
13977
13977
13981
13985
13986
13989
13991
13991
13994
13995
13996
13998
13998
14002
14003
14007
14008
14011
14014
14015
14017
14017
14022
14027
14033
14035
14037
14040
14041
14042
14045
14046
14048
14050
14051
14052
14054
14061
14061
14063
14063
14064
14071
14071
14074
14078
14079
14081
14081
14081
14083
14085
14086
14086
14091
14091
14092
14093
14094
14103
14105
14107
14110
14114
14126
14133
14134
14134
14135
14135
14135
14137
14137
14137
14138
14139
14139
14142
14142
14150
14151
14154
14154
14157
14158
14158
14159
14162
14164
14164
14168
14172
14175
14177
14180
14184
14185
14189
14190
14193
14198
14199
14201
14202
14203
14203
14210
14215
14216
14217
14223
14224
14229
14230
14232
14232
14232
14233
14251
14252
14257
14259
14261
14263
14264
14269
14269
14277
14279
14279
14284
14288
14288
14289
14290
14290
14291
14291
14293
14294
14296
14296
14297
14300
14302
14303
14306
14307
14309
14309
14311
14312
14313
14319
14319
14320
14322
14330
14331
14332
14333
14334
14340
14341
14343
14343
14343
14346
14346
14348
14349
14355
14357
14360
14361
14363
14366
14371
14371
14375
14376
14376
14379
14379
14383
14385
14389
14389
14399
14400
14402
14403
14405
14406
14409
14412
14414
14425
14427
14428
14429
14434
14442
14443
14447
14453
14454
14456
14458
14461
14464
14465
14468
14469
14470
14471
14474
14476
14476
14478
14478
14480
14480
14481
14481
14481
14481
14485
14485
14486
14492
14494
14496
14501
14503
14508
14511
14515
14517
14518
14523
14523
14526
14527
14527
14527
14528
14530
14535
14539
14542
14546
14546
14546
14546
14547
14547
14549
14550
14557
14560
14565
14565
14569
14570
14571
14572
14575
14575
14584
14587
14591
14591
14595
14599
14600
14606
14609
14611
14612
14612
14615
14615
14616
14618
14619
14623
14623
14627
14628
14630
14631
14633
14633
14638
14640
14642
14642
14643
14647
14649
14649
14649
14654
14656
14658
14663
14666
14667
14669
14670
14671
14674
14678
14678
14679
14685
14689
14691
14693
14694
14697
14699
14702
14702
14702
14706
14707
14709
14709
14710
14712
14712
14714
14715
14715
14715
14715
14717
14720
14722
14725
14726
14728
14741
14744
14746
14751
14759
14762
14767
14770
14770
14772
14774
14775
14778
14783
14784
14785
14785
14794
14794
14801
14801
14806
14806
14807
14809
14809
14814
14818
14818
14820
14822
14826
14829
14836
14838
14838
14838
14839
14839
14840
14841
14844
14854
14856
14858
14858
14864
14868
14871
14872
14872
14873
14873
14874
14875
14880
14881
14883
14885
14886
14887
14891
14895
14896
14896
14900
14906
14911
14916
14920
14921
14921
14928
14929
14930
14931
14933
14933
14934
14934
14936
14937
14943
14945
14949
14953
14958
14958
14961
14962
14964
14965
14965
14965
14967
14968
14968
14969
14969
14969
14970
14972
14976
14984
14984
14989
14994
14997
14999
15006
15007
15008
15014
15019
15023
15026
15029
15045
15045
15045
15050
15052
15056
15067
15069
15070
15073
15073
15074
15078
15080
15083
15084
15085
15089
15091
15094
15099
15100
15108
15111
15113
15113
15113
15116
15116
15118
15123
15126
15127
15128
15129
15130
15134
15136
15136
15137
15137
15139
15146
15149
15150
15153
15158
15161
15162
15167
15167
15167
15167
15170
15170
15171
15171
15172
15172
15177
15181
15183
15186
15192
15193
15196
15196
15205
15217
15218
15220
15221
15223
15226
15227
15228
15230
15236
15237
15238
15238
15241
15241
15241
15241
15241
15245
15245
15246
15246
15246
15250
15253
15255
15255
15258
15259
15260
15261
15265
15266
15269
15270
15270
15272
15273
15274
15274
15274
15276
15279
15281
15281
15282
15295
15295
15296
15296
15297
15299
15302
15304
15305
15310
15312
15319
15319
15320
15321
15321
15325
15326
15328
15331
15336
15344
15352
15354
15359
15360
15363
15363
15363
15370
15375
15381
15386
15387
15387
15388
15388
15390
15394
15396
15398
15399
15401
15404
15404
15404
15405
15405
15406
15407
15409
15422
15423
15424
15426
15427
15428
15430
15432
15433
15437
15441
15441
15443
15443
15447
15449
15451
15452
15452
15452
15453
15457
15461
15467
15473
15475
15475
15476
15478
15478
15481
15482
15486
15486
15489
15492
15501
15502
15503
15503
15505
15506
15507
15509
15511
15511
15512
15513
15513
15514
15526
15528
15528
15528
15528
15528
15529
15530
15531
15543
15544
15549
15549
15553
15554
15561
15562
15563
15569
15569
15573
15578
15580
15581
15581
15582
15590
15591
15592
15597
15598
15599
15603
15605
15606
15606
15608
15612
15613
15613
15618
15618
15618
15620
15621
15621
15622
15623
15625
15627
15630
15631
15632
15637
15637
15640
15641
15643
15645
15646
15653
15659
15659
15659
15665
15668
15668
15669
15669
15671
15673
15674
15676
15677
15680
15680
15680
15682
15686
15692
15693
15703
15711
15712
15714
15718
15720
15722
15723
15724
15728
15731
15732
15733
15737
15744
15746
15748
15750
15750
15753
15757
15771
15776
15779
15779
15780
15783
15789
15789
15796
15797
15802
15804
15809
15811
15813
15816
15817
15824
15826
15829
15829
15830
15833
15835
15836
15837
15837
15842
15844
15849
15849
15850
15852
15853
15857
15857
15863
15864
15870
15872
15873
15873
15874
15874
15877
15878
15879
15880
15881
15882
15884
15884
15886
15886
15891
15892
15893
15896
15897
15901
15902
15902
15903
15904
15907
15909
15915
15917
15921
15921
15929
15933
15937
15937
15939
15939
15942
15943
15943
15948
15949
15955
15956
15960
15961
15961
15962
15962
15964
15964
15966
15968
15968
15972
15974
15976
15976
15978
15979
15979
15981
15985
15986
15987
15989
15990
15995
15995
15996
15996
15996
15996
15997
15999
16000
16000
16001
16007
16008
16011
16013
16016
16018
16022
16023
16023
16027
16029
16030
16030
16031
16031
16033
16038
16043
16043
16044
16046
16046
16058
16060
16066
16067
16073
16075
16077
16083
16084
16087
16087
16088
16088
16092
16096
16096
16097
16097
16097
16099
16099
16099
16101
16112
16113
16116
16118
16124
16125
16126
16127
16129
16130
16131
16136
16139
16142
16142
16145
16153
16153
16158
16160
16169
16170
16170
16175
16175
16181
16183
16186
16190
16194
16197
16198
16199
16201
16202
16205
16210
16210
16213
16217
16217
16221
16228
16232
16232
16233
16234
16234
16235
16237
16241
16243
16248
16249
16254
16254
16255
16255
16257
16258
16265
16265
16270
16273
16275
16279
16281
16286
16286
16288
16290
16293
16298
16299
16302
16302
16303
16306
16311
16312
16314
16316
16316
16318
16320
16321
16323
16324
16327
16329
16331
16334
16334
16334
16337
16341
16345
16354
16355
16356
16360
16363
16364
16367
16367
16368
16369
16371
16372
16372
16373
16378
16381
16382
16383
16384
16389
16389
16389
16390
16394
16394
16396
16396
16400
16402
16406
16408
16410
16411
16414
16416
16420
16422
16427
16427
16431
16432
16433
16434
16438
16438
16442
16448
16450
16452
16458
16459
16459
16464
16465
16465
16469
16469
16470
16472
16474
16474
16482
16483
16485
16486
16487
16491
16498
16499
16503
16504
16507
16510
16511
16512
16517
16521
16522
16523
16530
16532
16540
16540
16542
16543
16543
16544
16549
16552
16553
16557
16558
16559
16560
16560
16561
16563
16572
16575
16575
16581
16582
16584
16595
16597
16599
16599
16601
16601
16602
16603
16604
16608
16611
16612
16618
16621
16622
16623
16624
16624
16625
16628
16632
16641
16643
16645
16658
16660
16660
16668
16673
16677
16677
16683
16683
16683
16687
16687
16691
16694
16695
16695
16696
16697
16701
16702
16705
16709
16709
16717
16720
16727
16729
16730
16731
16742
16748
16748
16756
16756
16766
16766
16770
16773
16777
16777
16779
16779
16787
16787
16792
16792
16794
16796
16797
16797
16802
16803
16805
16806
16806
16808
16808
16813
16815
16816
16816
16819
16820
16820
16823
16823
16824
16828
16832
16833
16834
16838
16839
16839
16841
16844
16847
16849
16849
16850
16858
16860
16861
16865
16866
16867
16872
16873
16875
16876
16877
16879
16881
16885
16885
16886
16887
16888
16889
16890
16891
16892
16896
16901
16905
16912
16913
16913
16917
16917
16918
16919
16920
16921
16925
16927
16931
16934
16934
16934
16937
16938
16939
16941
16942
16942
16945
16950
16954
16958
16959
16960
16960
16962
16968
16972
16973
16980
16980
16986
16986
16986
16988
16988
16990
16990
16993
16994
16995
16996
16997
16997
17003
17005
17011
17012
17012
17013
17017
17017
17019
17021
17021
17024
17024
17025
17025
17030
17031
17036
17044
17047
17047
17049
17054
17054
17056
17057
17058
17063
17064
17065
17067
17067
17067
17067
17069
17071
17076
17083
17086
17088
17089
17089
17093
17093
17094
17095
17098
17099
17107
17108
17114
17115
17120
17120
17121
17122
17123
17125
17127
17127
17129
17131
17134
17136
17141
17141
17145
17148
17149
17151
17152
17153
17154
17155
17160
17163
17163
17166
17169
17177
17178
17179
17181
17181
17182
17184
17185
17185
17186
17188
17189
17191
17192
17193
17193
17194
17197
17207
17209
17213
17214
17215
17218
17231
17234
17238
17240
17243
17243
17250
17268
17270
17271
17274
17279
17280
17282
17284
17286
17287
17287
17288
17290
17291
17293
17293
17293
17311
17311
17312
17330
17333
17341
17342
17342
17343
17344
17345
17347
17348
17351
17353
17355
17358
17359
17360
17362
17368
17370
17370
17371
17376
17382
17383
17383
17386
17387
17387
17387
17393
17393
17394
17395
17395
17396
17400
17400
17401
17403
17405
17405
17407
17410
17411
17416
17418
17419
17422
17423
17424
17428
17428
17432
17438
17445
17448
17452
17453
17461
17463
17466
17468
17469
17470
17470
17471
17471
17472
17472
17474
17474
17476
17486
17487
17489
17491
17499
17500
17503
17513
17513
17515
17516
17518
17519
17519
17521
17522
17526
17528
17530
17540
17541
17549
17552
17553
17556
17558
17561
17571
17577
17577
17577
17579
17582
17582
17582
17583
17584
17596
17598
17599
17600
17601
17601
17611
17611
17612
17613
17619
17625
17625
17625
17626
17632
17634
17635
17635
17639
17642
17642
17644
17644
17645
17645
17647
17650
17652
17655
17655
17658
17659
17660
17661
17665
17669
17676
17678
17680
17682
17685
17686
17688
17688
17691
17693
17695
17696
17696
17696
17697
17703
17715
17715
17716
17718
17720
17721
17721
17722
17726
17727
17729
17729
17731
17733
17733
17734
17735
17737
17738
17740
17744
17745
17746
17747
17747
17748
17750
17752
17753
17757
17759
17760
17760
17761
17762
17762
17763
17763
17764
17766
17769
17773
17774
17775
17781
17781
17783
17785
17785
17790
17790
17791
17791
17799
17801
17814
17814
17816
17819
17822
17823
17824
17824
17824
17825
17829
17831
17832
17836
17837
17840
17841
17841
17843
17845
17846
17846
17847
17849
17860
17865
17871
17873
17874
17877
17881
17884
17887
17888
17890
17890
17896
17897
17898
17906
17908
17908
17909
17910
17916
17916
17917
17917
17918
17919
17920
17920
17921
17924
17927
17931
17932
17934
17936
17941
17943
17944
17946
17948
17948
17954
17955
17956
17960
17963
17963
17965
17966
17966
17973
17975
17975
17977
17982
17984
17985
17992
17995
17995
17997
17999
18000
18006
18007
18010
18012
18016
18017
18022
18023
18031
18033
18033
18035
18036
18037
18039
18043
18045
18046
18047
18048
18048
18049
18049
18053
18054
18057
18061
18065
18071
18074
18075
18078
18082
18082
18084
18086
18087
18091
18091
18098
18100
18101
18102
18102
18105
18109
18111
18111
18112
18112
18116
18124
18125
18128
18131
18133
18139
18142
18143
18147
18149
18157
18158
18158
18159
18160
18160
18161
18163
18164
18166
18167
18169
18170
18173
18177
18186
18190
18192
18194
18195
18195
18198
18200
18200
18202
18209
18211
18211
18214
18217
18218
18219
18222
18223
18224
18225
18227
18229
18232
18233
18235
18236
18239
18241
18243
18244
18246
18246
18254
18255
18256
18259
18259
18261
18264
18266
18266
18267
18268
18270
18270
18271
18272
18279
18279
18281
18282
18285
18292
18294
18294
18296
18297
18298
18299
18301
18304
18307
18312
18320
18333
18336
18337
18339
18345
18349
18355
18357
18357
18359
18362
18362
18364
18366
18367
18367
18369
18372
18373
18378
18385
18389
18392
18392
18400
18400
18402
18403
18404
18405
18405
18406
18406
18407
18412
18413
18413
18416
18416
18417
18419
18422
18427
18430
18437
18438
18438
18438
18441
18445
18446
18449
18453
18454
18454
18461
18461
18461
18466
18467
18468
18472
18472
18473
18477
18477
18479
18480
18481
18481
18481
18490
18491
18494
18496
18496
18497
18498
18499
18500
18500
18502
18503
18503
18504
18507
18509
18512
18517
18519
18523
18526
18526
18527
18528
18528
18529
18531
18540
18543
18543
18547
18550
18551
18555
18559
18560
18562
18564
18566
18567
18569
18576
18576
18577
18578
18578
18580
18581
18582
18582
18587
18590
18598
18600
18600
18601
18605
18606
18609
18615
18616
18616
18617
18619
18620
18622
18623
18631
18634
18636
18638
18641
18642
18648
18649
18649
18650
18652
18654
18655
18655
18659
18660
18661
18661
18661
18662
18665
18666
18667
18670
18671
18677
18679
18679
18681
18684
18685
18685
18686
18689
18691
18698
18700
18702
18703
18709
18709
18709
18715
18722
18728
18729
18733
18739
18746
18747
18747
18748
18751
18756
18764
18764
18766
18768
18769
18769
18770
18771
18776
18776
18776
18778
18790
18790
18791
18791
18793
18798
18800
18804
18809
18812
18813
18813
18816
18820
18823
18823
18824
18825
18829
18829
18832
18837
18837
18841
18844
18855
18859
18859
18861
18863
18868
18869
18874
18875
18876
18876
18876
18877
18884
18885
18886
18887
18891
18892
18897
18897
18901
18902
18902
18903
18910
18912
18912
18913
18915
18917
18924
18925
18930
18937
18943
18945
18945
18946
18946
18948
18955
18955
18957
18960
18970
18971
18976
18978
18980
18985
18995
18996
18998
19000
19000
19001
19003
19006
19008
19009
19011
19012
19014
19016
19017
19018
19018
19019
19019
19020
19025
19026
19026
19028
19029
19031
19032
19033
19035
19036
19037
19040
19042
19046
19057
19059
19060
19062
19067
19071
19074
19079
19080
19082
19082
19085
19086
19096
19096
19097
19098
19101
19101
19101
19105
19107
19108
19110
19112
19113
19115
19116
19117
19118
19119
19122
19124
19127
19133
19138
19139
19140
19140
19143
19145
19146
19149
19149
19154
19154
19158
19161
19164
19165
19167
19171
19173
19173
19178
19180
19185
19186
19188
19189
19193
19193
19194
19196
19196
19197
19197
19204
19205
19205
19205
19205
19206
19209
19213
19215
19222
19224
19229
19233
19234
19236
19238
19239
19240
19242
19244
19244
19247
19252
19259
19261
19262
19265
19265
19266
19269
19270
19273
19276
19277
19281
19282
19285
19285
19286
19286
19287
19291
19293
19294
19297
19299
19302
19302
19304
19307
19309
19312
19313
19314
19317
19320
19321
19322
19324
19324
19326
19326
19328
19329
19330
19330
19333
19335
19336
19337
19345
19345
19345
19346
19349
19351
19357
19366
19368
19369
19370
19378
19378
19378
19381
19383
19385
19385
19389
19389
19395
19402
19402
19405
19407
19408
19412
19412
19414
19418
19422
19422
19423
19430
19431
19437
19437
19441
19443
19454
19457
19459
19466
19467
19470
19471
19472
19473
19476
19479
19482
19482
19483
19489
19494
19496
19497
19499
19504
19512
19516
19517
19520
19522
19524
19526
19527
19528
19529
19530
19531
19534
19538
19541
19543
19543
19544
19546
19547
19552
19554
19555
19555
19555
19561
19564
19564
19566
19567
19567
19569
19569
19570
19571
19573
19578
19578
19580
19583
19585
19585
19585
19586
19587
19587
19587
19589
19592
19600
19600
19602
19608
19612
19615
19617
19617
19622
19623
19624
19634
19634
19638
19640
19640
19644
19651
19653
19657
19659
19660
19664
19669
19670
19670
19670
19677
19678
19681
19681
19681
19682
19683
19683
19683
19685
19688
19689
19690
19691
19691
19695
19702
19704
19707
19709
19711
19721
19727
19729
19729
19732
19736
19738
19743
19744
19749
19749
19749
19750
19751
19752
19755
19758
19759
19762
19768
19770
19775
19776
19780
19783
19783
19787
19789
19792
19798
19810
19816
19817
19819
19819
19820
19823
19824
19826
19826
19832
19832
19835
19838
19838
19839
19844
19845
19846
19849
19850
19853
19854
19857
19861
19864
19866
19876
19877
19877
19878
19880
19886
19887
19890
19893
19895
19896
19897
19897
19898
19900
19901
19902
19904
19904
19906
19912
19917
19919
19919
19922
19923
19930
19932
19932
19933
19934
19936
19940
19942
19943
19947
19953
19954
19954
19956
19957
19957
19958
19960
19962
19967
19967
19970
19973
19976
19977
19979
19979
19982
19986
19990
19993
19994
19996
19996
19998
20005
20007
20011
20012
20014
20015
20015
20015
20016
20023
20024
20025
20027
20032
20034
20035
20036
20036
20037
20038
20039
20040
20040
20043
20044
20045
20045
20047
20056
20057
20057
20058
20058
20059
20060
20072
20075
20076
20077
20083
20083
20086
20086
20087
20088
20092
20092
20094
20098
20100
20109
20110
20112
20113
20114
20115
20116
20118
20120
20120
20121
20122
20123
20123
20125
20127
20129
20130
20131
20133
20136
20137
20142
20142
20145
20149
20150
20152
20154
20155
20156
20157
20159
20160
20161
20165
20170
20171
20174
20178
20181
20190
20195
20196
20197
20200
20203
20203
20206
20207
20208
20211
20212
20212
20213
20213
20213
20214
20218
20223
20224
20234
20236
20236
20239
20241
20242
20245
20246
20247
20250
20252
20255
20263
20264
20268
20280
20280
20280
20281
20282
20287
20296
20296
20306
20309
20311
20314
20319
20322
20322
20325
20328
20328
20329
20329
20330
20331
20332
20335
20342
20343
20347
20347
20350
20351
20355
20358
20360
20361
20365
20366
20367
20369
20373
20374
20376
20376
20377
20377
20383
20386
20387
20387
20389
20394
20395
20396
20400
20404
20404
20405
20406
20406
20408
20413
20413
20416
20417
20419
20422
20425
20425
20426
20441
20445
20445
20452
20455
20460
20467
20468
20472
20473
20477
20478
20481
20484
20489
20490
20491
20492
20494
20495
20499
20499
20506
20508
20508
20509
20510
20511
20514
20514
20516
20517
20519
20520
20526
20526
20527
20528
20528
20528
20530
20537
20539
20540
20542
20546
20551
20551
20552
20554
20555
20555
20557
20558
20559
20561
20562
20568
20569
20569
20576
20579
20582
20583
20584
20585
20588
20589
20590
20599
20602
20608
20617
20619
20625
20627
20628
20628
20629
20631
20632
20632
20632
20633
20639
20640
20646
20646
20648
20648
20650
20651
20654
20655
20656
20657
20659
20663
20665
20666
20667
20668
20669
20674
20674
20674
20676
20676
20680
20682
20683
20683
20683
20688
20689
20690
20690
20692
20697
20699
20700
20701
20702
20706
20709
20712
20713
20714
20716
20717
20719
20725
20729
20731
20731
20734
20737
20741
20753
20753
20753
20753
20756
20760
20760
20761
20766
20771
20773
20774
20775
20775
20776
20787
20787
20790
20792
20796
20798
20799
20799
20804
20813
20813
20814
20818
20820
20822
20822
20827
20828
20829
20829
20833
20834
20835
20842
20845
20847
20849
20860
20861
20864
20865
20866
20870
20871
20872
20874
20877
20881
20882
20883
20885
20887
20889
20889
20895
20899
20903
20903
20908
20910
20920
20920
20927
20931
20934
20935
20943
20943
20947
20951
20952
20956
20964
20965
20966
20967
20971
20972
20976
20979
20982
20984
20989
20991
20991
20994
20995
20997
20998
21015
21019
21021
21022
21026
21027
21030
21034
21035
21036
21039
21039
21041
21042
21048
21050
21057
21059
21064
21064
21067
21068
21069
21070
21074
21074
21075
21076
21076
21077
21081
21084
21086
21087
21088
21094
21096
21102
21102
21105
21105
21105
21109
21109
21116
21118
21120
21122
21127
21129
21133
21134
21136
21137
21140
21140
21142
21145
21146
21146
21147
21149
21158
21159
21160
21162
21163
21163
21168
21169
21172
21174
21179
21180
21186
21186
21194
21195
21195
21200
21203
21203
21207
21208
21209
21210
21215
21219
21222
21225
21228
21230
21231
21234
21236
21236
21238
21239
21240
21241
21244
21245
21245
21251
21251
21252
21258
21259
21262
21262
21267
21268
21269
21270
21272
21272
21275
21275
21277
21284
21286
21289
21291
21291
21292
21293
21293
21294
21294
21297
21298
21298
21298
21301
21305
21311
21312
21314
21314
21317
21328
21328
21328
21334
21345
21348
21352
21355
21355
21357
21360
21364
21367
21368
21373
21373
21374
21375
21377
21379
21381
21384
21385
21385
21386
21386
21388
21389
21392
21395
21398
21399
21400
21402
21412
21415
21415
21418
21420
21421
21424
21424
21425
21428
21433
21434
21446
21446
21447
21451
21454
21455
21456
21459
21460
21464
21465
21466
21467
21468
21476
21476
21477
21478
21479
21483
21484
21485
21488
21489
21492
21505
21512
21514
21515
21519
21519
21522
21524
21536
21536
21542
21550
21550
21553
21554
21554
21554
21555
21555
21560
21561
21562
21562
21567
21568
21569
21569
21570
21572
21574
21575
21576
21581
21583
21591
21594
21595
21598
21603
21603
21604
21605
21606
21607
21610
21614
21614
21620
21622
21623
21626
21628
21628
21629
21631
21631
21638
21645
21645
21648
21651
21656
21656
21658
21658
21659
21661
21662
21662
21663
21666
21667
21669
21674
21680
21685
21686
21688
21691
21692
21701
21702
21711
21713
21718
21721
21724
21726
21729
21729
21735
21737
21741
21742
21743
21748
21749
21760
21762
21767
21769
21772
21773
21773
21776
21778
21780
21782
21784
21784
21788
21791
21792
21794
21795
21797
21808
21809
21809
21810
21811
21812
21812
21813
21813
21813
21815
21816
21822
21824
21828
21832
21833
21834
21834
21836
21837
21839
21841
21842
21843
21850
21852
21855
21856
21857
21859
21861
21861
21862
21863
21864
21870
21874
21881
21884
21892
21896
21896
21898
21899
21900
21903
21906
21908
21909
21910
21911
21914
21916
21919
21919
21920
21922
21922
21929
21929
21930
21930
21939
21939
21939
21939
21940
21941
21941
21943
21944
21949
21950
21950
21954
21956
21956
21966
21967
21971
21973
21976
21976
21979
21985
21987
21988
21988
21992
21997
21997
21999
21999
22001
22002
22011
22015
22016
22017
22018
22025
22025
22026
22028
22028
22028
22029
22033
22034
22036
22038
22038
22040
22041
22046
22047
22049
22049
22051
22054
22054
22055
22055
22056
22062
22062
22063
22068
22078
22082
22082
22083
22083
22083
22086
22087
22091
22096
22096
22098
22099
22100
22102
22106
22113
22114
22114
22116
22121
22124
22125
22133
22136
22136
22137
22145
22155
22156
22157
22161
22163
22167
22168
22171
22172
22182
22184
22186
22189
22193
22195
22195
22197
22216
22218
22220
22221
22224
22225
22226
22226
22227
22227
22230
22231
22232
22234
22235
22238
22238
22239
22242
22250
22251
22252
22254
22254
22255
22256
22258
22260
22262
22264
22265
22265
22266
22271
22272
22282
22282
22282
22287
22290
22295
22295
22304
22307
22307
22313
22313
22313
22317
22320
22324
22324
22327
22329
22330
22332
22335
22338
22343
22346
22348
22348
22349
22353
22355
22355
22358
22359
22363
22365
22368
22371
22371
22374
22376
22382
22388
22388
22388
22389
22390
22393
22394
22395
22397
22400
22402
22404
22405
22412
22413
22413
22414
22420
22424
22428
22430
22433
22434
22435
22436
22440
22440
22443
22445
22454
22456
22460
22460
22463
22469
22471
22473
22473
22474
22476
22481
22486
22489
22489
22491
22493
22493
22497
22500
22501
22507
22507
22508
22513
22513
22514
22515
22516
22516
22517
22520
22521
22522
22522
22523
22523
22524
22527
22527
22530
22533
22533
22533
22534
22534
22536
22537
22538
22541
22543
22545
22550
22550
22551
22553
22554
22554
22555
22557
22560
22560
22563
22564
22565
22568
22571
22571
22572
22574
22576
22578
22578
22578
22581
22586
22592
22594
22594
22595
22596
22597
22599
22601
22605
22606
22607
22608
22618
22620
22622
22626
22630
22630
22631
22634
22634
22636
22641
22641
22642
22643
22645
22646
22650
22651
22651
22657
22658
22662
22673
22678
22680
22682
22687
22689
22689
22692
22692
22695
22697
22698
22699
22700
22701
22703
22705
22706
22709
22719
22726
22727
22729
22733
22735
22737
22740
22740
22741
22743
22743
22745
22746
22747
22749
22750
22752
22752
22753
22754
22755
22759
22760
22761
22765
22766
22766
22766
22767
22767
22770
22770
22771
22775
22777
22778
22780
22781
22782
22785
22786
22792
22793
22794
22796
22797
22798
22802
22803
22804
22808
22809
22809
22810
22815
22816
22816
22818
22821
22825
22826
22828
22831
22833
22833
22834
22836
22838
22839
22840
22845
22855
22855
22857
22857
22860
22863
22869
22869
22871
22872
22877
22879
22881
22885
22888
22888
22889
22893
22894
22897
22900
22900
22900
22900
22910
22912
22912
22913
22914
22917
22918
22924
22927
22932
22940
22940
22941
22941
22942
22942
22944
22946
22950
22951
22952
22957
22958
22958
22959
22960
22962
22964
22965
22967
22968
22971
22973
22975
22976
22978
22981
22981
22983
22983
22985
22990
22992
22996
22997
22998
22998
22999
23004
23005
23006
23007
23008
23012
23013
23015
23018
23021
23021
23022
23025
23026
23027
23027
23028
23043
23048
23049
23049
23053
23054
23055
23057
23064
23065
23069
23071
23071
23071
23072
23073
23077
23079
23082
23086
23087
23088
23091
23095
23099
23099
23103
23104
23107
23107
23113
23114
23115
23115
23117
23117
23119
23122
23127
23131
23132
23134
23134
23135
23137
23139
23141
23142
23142
23145
23146
23147
23152
23152
23152
23153
23158
23159
23162
23170
23170
23171
23173
23176
23177
23177
23183
23184
23190
23195
23195
23195
23197
23197
23197
23201
23204
23207
23209
23217
23222
23224
23226
23229
23229
23229
23231
23232
23236
23237
23238
23240
23243
23244
23245
23245
23246
23247
23250
23253
23257
23258
23258
23259
23265
23268
23270
23272
23272
23273
23274
23276
23276
23281
23282
23282
23283
23285
23286
23289
23295
23298
23299
23299
23299
23302
23305
23309
23312
23320
23321
23321
23321
23324
23327
23328
23328
23328
23334
23336
23336
23338
23338
23342
23349
23352
23353
23357
23364
23371
23372
23373
23382
23382
23388
23391
23399
23401
23404
23408
23408
23410
23412
23415
23416
23417
23420
23421
23422
23426
23427
23435
23437
23439
23450
23451
23452
23456
23460
23463
23465
23470
23470
23471
23473
23481
23482
23483
23486
23487
23487
23488
23490
23494
23496
23496
23497
23503
23506
23510
23514
23516
23518
23520
23520
23523
23530
23531
23534
23537
23538
23539
23543
23543
23546
23547
23549
23552
23559
23560
23565
23567
23570
23571
23572
23573
23574
23575
23582
23589
23590
23593
23598
23601
23602
23603
23606
23607
23608
23609
23610
23613
23614
23615
23617
23618
23619
23621
23627
23628
23631
23632
23634
23637
23641
23647
23656
23661
23663
23663
23667
23668
23673
23674
23675
23686
23686
23688
23691
23692
23692
23692
23694
23694
23696
23698
23699
23699
23700
23702
23706
23709
23711
23716
23717
23717
23718
23719
23724
23728
23730
23733
23734
23738
23739
23741
23747
23747
23750
23755
23761
23763
23770
23773
23775
23776
23778
23785
23785
23786
23786
23791
23792
23793
23794
23798
23798
23800
23806
23806
23807
23809
23811
23813
23818
23818
23820
23821
23825
23830
23831
23835
23835
23838
23840
23842
23845
23845
23846
23846
23848
23849
23852
23852
23853
23856
23857
23862
23862
23862
23869
23873
23874
23878
23882
23883
23883
23887
23887
23889
23889
23894
23895
23899
23900
23902
23907
23908
23910
23916
23917
23919
23922
23927
23935
23937
23937
23939
23940
23948
23953
23955
23958
23961
23962
23963
23964
23965
23965
23967
23969
23973
23976
23976
23977
23978
23979
23980
23980
23983
23988
23990
23992
23995
23996
23998
24015
24019
24020
24030
24030
24034
24035
24035
24036
24038
24039
24039
24041
24041
24043
24045
24047
24049
24054
24056
24058
24060
24061
24063
24064
24068
24071
24079
24080
24081
24081
24082
24083
24088
24088
24089
24097
24099
24107
24110
24110
24112
24114
24119
24120
24122
24125
24130
24131
24133
24136
24140
24143
24144
24146
24146
24146
24148
24148
24150
24155
24158
24159
24159
24162
24165
24165
24165
24169
24170
24173
24183
24185
24192
24194
24197
24197
24200
24202
24203
24207
24210
24211
24211
24212
24212
24213
24213
24214
24219
24221
24224
24224
24231
24232
24235
24237
24239
24244
24245
24247
24248
24249
24249
24262
24262
24270
24272
24274
24275
24277
24279
24284
24287
24287
24296
24297
24302
24303
24304
24307
24311
24311
24313
24320
24320
24323
24325
24326
24327
24328
24333
24335
24335
24336
24336
24336
24338
24339
24344
24345
24345
24346
24351
24351
24352
24353
24356
24361
24361
24364
24365
24365
24365
24368
24368
24368
24370
24374
24377
24378
24379
24383
24384
24388
24389
24395
24400
24400
24402
24407
24416
24418
24418
24420
24422
24423
24424
24425
24430
24430
24436
24447
24449
24450
24451
24451
24451
24452
24455
24458
24467
24468
24472
24475
24478
24479
24480
24484
24484
24489
24489
24490
24492
24497
24500
24502
24506
24508
24509
24509
24511
24511
24517
24518
24521
24522
24522
24527
24529
24529
24534
24536
24536
24537
24538
24538
24542
24545
24545
24550
24551
24552
24555
24559
24560
24560
24562
24566
24576
24580
24580
24581
24586
24586
24588
24590
24591
24591
24593
24595
24598
24601
24611
24613
24613
24614
24620
24620
24622
24623
24624
24625
24625
24632
24634
24638
24640
24641
24643
24652
24652
24653
24655
24655
24658
24664
24669
24670
24670
24670
24672
24673
24673
24674
24678
24678
24681
24682
24682
24683
24688
24690
24690
24700
24700
24705
24708
24711
24713
24719
24720
24724
24725
24734
24737
24738
24744
24747
24748
24749
24751
24751
24753
24757
24757
24758
24762
24762
24762
24766
24767
24770
24780
24781
24784
24791
24796
24796
24798
24804
24807
24812
24813
24813
24813
24819
24820
24821
24823
24827
24829
24829
24831
24831
24836
24836
24838
24840
24846
24848
24848
24854
24854
24855
24855
24856
24856
24859
24864
24868
24872
24872
24872
24873
24880
24880
24881
24886
24887
24894
24895
24897
24901
24903
24907
24909
24911
24913
24917
24917
24917
24918
24923
24923
24924
24924
24927
24930
24932
24932
24933
24934
24935
24936
24937
24940
24945
24952
24952
24954
24955
24958
24962
24962
24963
24968
24970
24972
24973
24973
24974
24978
24979
24985
24985
24990
24992
24995
24995
24998
24998
24999
25000
25003
25004
25011
25012
25016
25017
25018
25020
25023
25023
25026
25027
25028
25031
25031
25032
25033
25037
25038
25039
25040
25049
25050
25051
25051
25052
25053
25056
25064
25065
25069
25071
25079
25082
25086
25086
25090
25091
25094
25100
25101
25101
25103
25105
25106
25111
25111
25111
25112
25115
25116
25117
25119
25121
25121
25123
25123
25127
25130
25135
25138
25138
25140
25140
25142
25143
25145
25154
25154
25158
25159
25159
25165
25169
25172
25172
25177
25177
25178
25183
25184
25185
25189
25190
25191
25195
25197
25198
25201
25202
25204
25205
25205
25206
25210
25210
25217
25219
25220
25220
25222
25225
25226
25230
25232
25232
25234
25240
25241
25244
25244
25244
25246
25249
25254
25254
25255
25260
25263
25263
25264
25265
25270
25271
25271
25276
25277
25282
25282
25282
25283
25285
25290
25292
25297
25298
25302
25305
25306
25308
25308
25309
25324
25327
25334
25336
25336
25341
25341
25341
25343
25348
25349
25353
25355
25360
25364
25372
25372
25376
25377
25377
25379
25379
25383
25387
25388
25389
25392
25393
25393
25393
25398
25403
25407
25408
25408
25411
25413
25415
25420
25423
25425
25426
25429
25431
25431
25437
25443
25447
25449
25452
25452
25452
25459
25461
25461
25462
25464
25466
25469
25469
25471
25477
25478
25480
25485
25485
25487
25490
25494
25500
25504
25506
25507
25509
25510
25510
25515
25516
25516
25522
25530
25531
25532
25533
25534
25535
25536
25537
25538
25540
25548
25549
25555
25556
25556
25559
25561
25562
25563
25563
25564
25569
25571
25574
25576
25583
25583
25584
25586
25587
25591
25591
25591
25592
25592
25592
25594
25608
25612
25612
25614
25614
25623
25623
25628
25634
25640
25641
25641
25650
25651
25651
25652
25654
25656
25657
25664
25671
25672
25673
25674
25678
25680
25688
25689
25691
25698
25699
25699
25701
25701
25702
25704
25706
25706
25713
25716
25720
25720
25724
25726
25734
25735
25736
25739
25739
25742
25743
25746
25748
25751
25753
25753
25754
25756
25757
25758
25759
25761
25763
25764
25765
25771
25771
25772
25772
25774
25776
25778
25780
25784
25792
25795
25796
25799
25799
25800
25802
25804
25806
25810
25811
25813
25816
25816
25819
25823
25824
25828
25830
25832
25838
25838
25842
25848
25850
25852
25857
25867
25868
25870
25873
25877
25879
25879
25879
25881
25883
25884
25890
25896
25901
25907
25907
25912
25917
25921
25921
25923
25926
25930
25932
25935
25942
25942
25945
25947
25950
25954
25955
25955
25956
25956
25957
25962
25963
25976
25976
25979
25985
25988
25989
25990
25994
25995
25995
25996
26002
26008
26009
26012
26012
26013
26014
26025
26025
26030
26031
26033
26037
26042
26045
26045
26046
26047
26049
26051
26051
26053
26054
26054
26056
26058
26060
26060
26061
26062
26065
26074
26074
26076
26076
26083
26083
26085
26088
26092
26093
26095
26099
26100
26106
26118
26120
26123
26126
26127
26133
26135
26138
26145
26149
26149
26158
26158
26161
26164
26166
26167
26168
26169
26174
26175
26176
26179
26181
26184
26184
26187
26187
26187
26194
26197
26202
26202
26202
26203
26205
26209
26210
26213
26222
26223
26223
26225
26229
26235
26236
26237
26238
26239
26240
26242
26243
26245
26245
26246
26249
26250
26250
26251
26252
26253
26253
26253
26254
26259
26261
26261
26264
26265
26265
26268
26271
26271
26272
26273
26274
26275
26276
26276
26288
26290
26297
26300
26302
26302
26303
26307
26308
26310
26311
26312
26314
26317
26317
26323
26326
26330
26332
26333
26334
26339
26342
26345
26356
26361
26361
26366
26366
26374
26384
26392
26395
26395
26398
26401
26401
26401
26404
26406
26407
26407
26409
26412
26412
26414
26415
26417
26421
26421
26422
26423
26425
26426
26434
26436
26436
26438
26439
26441
26442
26449
26450
26451
26451
26455
26462
26463
26463
26469
26470
26471
26472
26473
26473
26474
26475
26477
26477
26478
26480
26483
26484
26489
26491
26495
26499
26501
26504
26504
26506
26507
26512
26517
26519
26520
26521
26521
26522
26523
26528
26531
26534
26538
26539
26539
26542
26544
26544
26546
26549
26555
26555
26557
26559
26561
26566
26566
26571
26572
26581
26583
26591
26596
26597
26599
26599
26602
26602
26603
26603
26611
26613
26619
26623
26626
26627
26629
26631
26632
26637
26637
26638
26645
26645
26647
26649
26650
26651
26654
26654
26656
26665
26666
26667
26670
26673
26674
26674
26687
26688
26689
26690
26691
26693
26694
26695
26696
26698
26700
26701
26705
26707
26708
26711
26711
26713
26715
26716
26717
26722
26724
26727
26729
26733
26735
26739
26745
26746
26747
26748
26751
26753
26753
26753
26756
26758
26766
26769
26771
26777
26777
26779
26780
26781
26782
26783
26784
26788
26789
26790
26792
26792
26793
26793
26794
26796
26797
26799
26800
26800
26805
26806
26808
26811
26814
26818
26818
26822
26826
26827
26827
26828
26830
26831
26832
26832
26833
26834
26835
26836
26840
26841
26843
26843
26845
26850
26850
26860
26861
26865
26866
26868
26868
26869
26871
26875
26876
26879
26881
26883
26885
26887
26888
26889
26892
26892
26899
26900
26903
26904
26905
26906
26908
26909
26912
26912
26913
26916
26923
26927
26927
26928
26928
26930
26934
26938
26940
26946
26948
26949
26949
26959
26960
26963
26967
26968
26972
26979
26979
26982
26991
26991
26992
26993
26995
27011
27013
27013
27020
27023
27026
27029
27030
27033
27038
27038
27041
27043
27044
27046
27047
27050
27050
27051
27052
27054
27055
27059
27062
27067
27069
27069
27072
27077
27078
27082
27084
27087
27090
27090
27091
27095
27096
27099
27100
27101
27104
27106
27107
27110
27111
27123
27126
27131
27135
27135
27144
27144
27145
27146
27149
27150
27161
27162
27165
27166
27168
27171
27171
27172
27177
27177
27181
27189
27189
27189
27193
27193
27196
27198
27199
27200
27203
27205
27206
27207
27208
27210
27211
27218
27219
27220
27221
27221
27221
27221
27227
27227
27228
27229
27231
27235
27240
27242
27242
27242
27243
27247
27251
27252
27253
27254
27255
27256
27258
27258
27262
27263
27265
27267
27270
27270
27270
27271
27280
27280
27283
27290
27291
27297
27303
27303
27324
27325
27330
27332
27333
27334
27342
27342
27342
27343
27345
27350
27362
27362
27363
27363
27364
27364
27365
27366
27371
27372
27376
27381
27382
27383
27384
27385
27387
27387
27388
27390
27391
27395
27401
27401
27402
27405
27407
27411
27412
27414
27414
27415
27416
27416
27418
27422
27422
27423
27428
27429
27429
27430
27432
27432
27439
27442
27442
27447
27448
27453
27453
27458
27462
27463
27464
27465
27466
27468
27469
27478
27481
27484
27484
27485
27485
27488
27490
27490
27493
27497
27499
27504
27504
27508
27509
27512
27515
27517
27518
27522
27522
27528
27530
27533
27534
27535
27538
27539
27543
27543
27543
27546
27547
27547
27553
27555
27563
27563
27567
27567
27569
27572
27572
27574
27575
27576
27577
27585
27586
27587
27588
27589
27593
27597
27600
27601
27604
27604
27605
27607
27609
27609
27610
27613
27622
27623
27625
27627
27640
27644
27646
27649
27651
27652
27654
27660
27661
27664
27666
27667
27673
27678
27682
27685
27686
27689
27691
27691
27693
27700
27701
27702
27705
27712
27714
27715
27716
27717
27717
27721
27721
27721
27726
27731
27739
27739
27740
27741
27745
27750
27750
27750
27751
27753
27755
27755
27757
27758
27768
27768
27769
27770
27776
27780
27780
27782
27783
27790
27792
27794
27798
27801
27802
27803
27803
27806
27806
27807
27809
27812
27813
27814
27814
27818
27822
27824
27829
27839
27844
27844
27846
27850
27852
27859
27865
27869
27872
27875
27878
27879
27879
27880
27880
27883
27885
27886
27889
27891
27892
27892
27897
27897
27904
27905
27906
27906
27912
27917
27920
27922
27924
27925
27925
27929
27930
27932
27937
27940
27947
27948
27953
27967
27968
27970
27978
27979
27979
27980
27980
27982
27982
27983
27988
27990
27990
27991
27993
27994
27994
27995
27996
27999
28004
28005
28013
28015
28017
28017
28018
28022
28023
28036
28038
28039
28049
28052
28054
28062
28063
28065
28065
28067
28069
28072
28072
28073
28077
28081
28083
28084
28085
28088
28093
28095
28100
28101
28109
28111
28113
28118
28120
28125
28125
28126
28127
28130
28132
28144
28145
28152
28152
28157
28160
28160
28161
28164
28169
28173
28174
28175
28176
28184
28187
28189
28189
28189
28192
28199
28200
28200
28206
28207
28208
28208
28211
28211
28212
28212
28213
28213
28214
28223
28224
28225
28231
28231
28234
28235
28240
28241
28243
28245
28250
28250
28252
28256
28256
28258
28259
28260
28268
28269
28275
28277
28277
28277
28277
28282
28284
28286
28288
28291
28291
28298
28298
28299
28300
28301
28306
28307
28307
28308
28308
28309
28309
28310
28311
28313
28314
28325
28325
28337
28345
28346
28348
28349
28354
28354
28357
28357
28359
28359
28360
28363
28363
28368
28369
28375
28378
28382
28387
28389
28389
28389
28398
28399
28399
28407
28410
28417
28423
28424
28424
28431
28434
28440
28440
28443
28445
28445
28447
28451
28453
28455
28457
28457
28458
28460
28463
28469
28473
28473
28474
28475
28479
28484
28486
28488
28489
28491
28497
28497
28499
28505
28512
28513
28517
28521
28527
28533
28535
28536
28536
28538
28541
28541
28541
28543
28544
28551
28552
28557
28557
28558
28559
28563
28565
28567
28571
28571
28572
28574
28578
28580
28580
28586
28587
28590
28590
28593
28594
28595
28596
28597
28598
28599
28600
28604
28606
28610
28611
28616
28617
28622
28622
28622
28623
28624
28628
28629
28630
28637
28638
28640
28641
28649
28649
28649
28650
28650
28651
28653
28658
28659
28663
28663
28667
28668
28670
28672
28672
28675
28676
28676
28679
28680
28680
28680
28689
28693
28693
28694
28698
28700
28702
28705
28707
28708
28710
28711
28712
28715
28715
28724
28726
28738
28738
28739
28742
28744
28745
28747
28749
28750
28750
28751
28752
28753
28753
28754
28755
28755
28756
28761
28761
28765
28765
28769
28772
28773
28773
28784
28785
28787
28789
28790
28793
28796
28797
28801
28810
28812
28813
28814
28816
28819
28824
28824
28825
28826
28826
28827
28830
28830
28831
28832
28834
28835
28836
28841
28848
28852
28859
28860
28865
28870
28879
28881
28882
28883
28884
28889
28890
28890
28890
28891
28894
28895
28896
28899
28902
28907
28909
28911
28911
28913
28915
28916
28918
28922
28922
28923
28925
28926
28927
28928
28930
28932
28933
28934
28934
28936
28936
28938
28948
28950
28952
28955
28961
28963
28964
28966
28966
28969
28975
28980
28982
28982
28984
28984
28986
28986
28989
28991
28994
28995
28996
29003
29004
29007
29013
29016
29017
29017
29025
29027
29035
29036
29036
29037
29037
29037
29038
29038
29039
29039
29040
29041
29042
29043
29044
29045
29045
29046
29050
29051
29051
29056
29060
29060
29062
29068
29068
29070
29070
29078
29080
29083
29084
29088
29090
29090
29094
29096
29100
29100
29103
29105
29108
29111
29118
29122
29123
29125
29125
29128
29131
29132
29133
29134
29135
29143
29143
29148
29149
29150
29151
29155
29156
29159
29161
29163
29171
29175
29175
29177
29179
29181
29181
29181
29185
29186
29190
29197
29198
29201
29202
29207
29213
29214
29223
29225
29227
29234
29237
29242
29245
29245
29251
29252
29253
29255
29256
29257
29262
29264
29266
29267
29269
29270
29272
29275
29276
29276
29276
29277
29278
29282
29284
29291
29296
29299
29300
29300
29304
29306
29306
29317
29324
29328
29332
29332
29334
29334
29339
29344
29346
29350
29351
29352
29353
29354
29354
29359
29364
29364
29368
29369
29370
29371
29372
29375
29377
29389
29390
29393
29397
29401
29405
29407
29409
29410
29410
29413
29415
29420
29422
29424
29425
29426
29426
29437
29437
29440
29441
29443
29444
29448
29450
29450
29451
29453
29461
29466
29467
29472
29472
29473
29473
29474
29476
29479
29480
29482
29482
29494
29497
29497
29499
29499
29499
29500
29506
29506
29508
29513
29520
29523
29525
29525
29529
29530
29530
29532
29541
29542
29544
29545
29546
29547
29548
29549
29550
29555
29555
29571
29573
29580
29580
29581
29584
29588
29591
29594
29596
29600
29602
29607
29610
29616
29616
29619
29619
29621
29623
29625
29626
29630
29631
29633
29633
29635
29637
29638
29638
29643
29645
29645
29647
29648
29648
29651
29655
29655
29657
29657
29660
29660
29670
29673
29673
29675
29678
29680
29680
29681
29681
29682
29683
29684
29685
29685
29688
29695
29698
29698
29702
29702
29702
29706
29707
29707
29709
29711
29719
29719
29726
29727
29727
29729
29731
29735
29738
29738
29739
29746
29748
29749
29753
29755
29755
29758
29767
29769
29771
29771
29772
29773
29774
29774
29780
29781
29782
29783
29785
29785
29786
29791
29791
29794
29799
29802
29803
29807
29807
29809
29809
29811
29819
29824
29827
29833
29833
29835
29838
29845
29848
29850
29850
29851
29851
29852
29852
29856
29857
29860
29861
29863
29863
29864
29867
29870
29872
29872
29875
29879
29882
29882
29882
29888
29895
29896
29898
29899
29899
29900
29902
29911
29915
29923
29925
29925
29925
29930
29933
29935
29939
29941
29942
29944
29951
29951
29953
29955
29957
29959
29959
29960
29960
29961
29962
29965
29966
29966
29967
29969
29975
29976
29977
29981
29981
29982
29982
29987
29990
29995
29997
29998
29999
30001
30006
30006
30009
30009
30009
30012
30018
30020
30029
30030
30036
30036
30042
30046
30047
30049
30052
30054
30056
30057
30058
30059
30060
30061
30066
30066
30067
30074
30074
30082
30086
30087
30090
30097
30098
30100
30100
30102
30106
30109
30112
30116
30117
30118
30120
30122
30123
30124
30125
30126
30129
30130
30130
30131
30132
30135
30135
30135
30136
30136
30138
30138
30140
30142
30144
30144
30146
30149
30156
30157
30160
30161
30163
30166
30167
30173
30174
30175
30176
30177
30182
30184
30187
30188
30188
30192
30193
30194
30196
30198
30201
30201
30207
30207
30213
30216
30219
30220
30226
30227
30228
30230
30233
30234
30235
30236
30237
30241
30241
30245
30247
30247
30248
30250
30250
30251
30251
30253
30254
30254
30254
30257
30258
30262
30263
30264
30267
30270
30271
30272
30273
30274
30277
30285
30285
30285
30293
30295
30298
30307
30310
30312
30316
30317
30319
30319
30320
30320
30323
30326
30327
30328
30333
30340
30343
30344
30344
30345
30345
30348
30351
30362
30363
30367
30371
30380
30381
30392
30393
30394
30395
30396
30398
30399
30402
30405
30406
30406
30410
30414
30414
30415
30415
30415
30418
30418
30419
30421
30423
30426
30430
30431
30433
30436
30438
30439
30442
30442
30443
30444
30444
30445
30448
30448
30449
30451
30454
30457
30457
30462
30462
30465
30468
30469
30472
30474
30474
30475
30476
30479
30485
30488
30490
30493
30495
30502
30507
30511
30512
30513
30514
30516
30516
30518
30531
30532
30532
30533
30537
30537
30539
30546
30548
30550
30551
30554
30557
30560
30561
30562
30565
30571
30575
30577
30580
30581
30586
30593
30593
30594
30598
30598
30602
30608
30609
30609
30610
30610
30611
30617
30618
30619
30623
30623
30625
30626
30627
30628
30631
30632
30639
30646
30646
30655
30656
30659
30660
30660
30661
30668
30671
30672
30673
30674
30678
30682
30683
30686
30686
30690
30699
30703
30709
30711
30714
30716
30716
30717
30725
30727
30731
30732
30733
30736
30737
30738
30738
30739
30739
30739
30740
30744
30746
30749
30750
30762
30765
30773
30776
30778
30786
30786
30787
30788
30788
30793
30794
30797
30801
30801
30803
30810
30811
30813
30815
30815
30815
30816
30817
30818
30820
30822
30828
30830
30837
30837
30838
30844
30846
30850
30853
30855
30858
30860
30861
30862
30870
30870
30871
30874
30874
30875
30876
30876
30880
30881
30886
30888
30888
30888
30889
30892
30894
30895
30905
30905
30907
30908
30914
30918
30918
30920
30922
30927
30928
30931
30934
30935
30948
30948
30957
30958
30962
30963
30966
30967
30973
30974
30976
30977
30978
30978
30979
30979
30984
30985
30987
30988
30990
30991
30992
30993
30998
31000
31004
31011
31011
31012
31013
31016
31020
31023
31028
31032
31032
31033
31035
31038
31041
31045
31048
31052
31055
31055
31059
31061
31061
31062
31062
31070
31070
31071
31075
31077
31078
31078
31080
31082
31086
31092
31094
31096
31103
31104
31104
31105
31112
31116
31118
31122
31122
31123
31124
31124
31125
31130
31132
31138
31140
31141
31143
31143
31145
31146
31148
31150
31151
31151
31160
31164
31176
31176
31177
31178
31179
31180
31182
31184
31186
31188
31188
31190
31196
31200
31200
31202
31205
31205
31208
31210
31211
31211
31212
31212
31213
31220
31220
31220
31223
31225
31226
31227
31232
31233
31236
31245
31246
31246
31247
31247
31248
31249
31250
31252
31252
31253
31253
31254
31254
31254
31261
31264
31265
31268
31268
31270
31273
31274
31275
31276
31290
31291
31292
31292
31306
31307
31307
31309
31317
31323
31325
31327
31332
31336
31337
31346
31347
31350
31362
31363
31368
31370
31371
31372
31375
31376
31378
31379
31380
31381
31382
31386
31390
31394
31395
31400
31404
31406
31408
31409
31411
31412
31412
31412
31427
31428
31429
31432
31434
31434
31437
31438
31440
31453
31454
31456
31457
31460
31465
31467
31473
31478
31479
31480
31482
31483
31488
31489
31493
31501
31503
31507
31507
31512
31515
31515
31516
31519
31519
31521
31523
31523
31525
31526
31526
31528
31528
31530
31532
31539
31539
31541
31543
31543
31543
31544
31547
31547
31549
31551
31553
31554
31557
31559
31561
31566
31566
31568
31570
31573
31576
31578
31578
31581
31582
31584
31586
31591
31592
31593
31594
31594
31597
31600
31600
31604
31608
31612
31612
31613
31618
31622
31623
31623
31627
31628
31631
31634
31637
31639
31639
31641
31644
31648
31649
31652
31653
31654
31655
31655
31656
31658
31658
31660
31661
31663
31667
31668
31670
31670
31673
31674
31676
31677
31678
31686
31687
31688
31693
31694
31695
31695
31696
31700
31701
31701
31702
31703
31704
31704
31704
31720
31720
31723
31727
31729
31729
31731
31733
31733
31733
31736
31738
31739
31739
31741
31745
31749
31752
31752
31753
31754
31754
31756
31757
31760
31762
31763
31765
31772
31776
31777
31782
31785
31791
31799
31802
31804
31809
31809
31812
31816
31820
31820
31823
31823
31823
31828
31828
31832
31833
31833
31835
31838
31853
31853
31854
31857
31857
31862
31863
31863
31865
31871
31872
31872
31873
31873
31875
31882
31883
31887
31889
31891
31893
31895
31897
31900
31903
31903
31908
31912
31914
31918
31919
31919
31921
31921
31929
31929
31936
31938
31939
31940
31942
31946
31948
31948
31950
31951
31962
31967
31968
31969
31969
31970
31971
31972
31973
31975
31976
31976
31983
31984
31984
31988
31990
32000
32001
32002
32004
32006
32007
32009
32010
32017
32020
32021
32022
32022
32023
32028
32029
32030
32030
32031
32031
32033
32034
32035
32038
32044
32045
32046
32048
32050
32051
32055
32058
32067
32068
32069
32071
32086
32088
32088
32088
32089
32097
32097
32098
32098
32100
32108
32108
32110
32111
32119
32120
32124
32126
32130
32132
32133
32135
32138
32141
32141
32143
32145
32146
32148
32149
32150
32151
32155
32157
32158
32168
32169
32172
32172
32174
32174
32175
32186
32189
32199
32201
32201
32201
32204
32206
32215
32215
32220
32224
32225
32228
32230
32230
32234
32236
32238
32242
32247
32248
32256
32257
32259
32266
32266
32270
32270
32272
32272
32273
32277
32279
32281
32281
32282
32282
32283
32284
32291
32292
32298
32299
32301
32302
32305
32306
32310
32311
32311
32315
32317
32318
32324
32333
32335
32340
32342
32347
32353
32359
32362
32362
32365
32366
32368
32368
32371
32371
32372
32373
32374
32374
32376
32393
32395
32397
32398
32398
32400
32415
32416
32416
32416
32418
32418
32423
32425
32427
32429
32430
32432
32433
32434
32436
32437
32438
32439
32440
32441
32442
32449
32449
32452
32458
32461
32462
32471
32474
32482
32485
32486
32487
32493
32498
32499
32503
32504
32504
32512
32512
32512
32513
32516
32518
32520
32522
32522
32526
32537
32539
32547
32549
32553
32554
32554
32556
32559
32559
32561
32562
32564
32564
32565
32566
32567
32569
32570
32572
32574
32576
32586
32600
32606
32606
32610
32612
32616
32616
32620
32623
32626
32626
32629
32630
32634
32636
32636
32636
32637
32638
32638
32640
32646
32647
32647
32648
32649
32653
32665
32669
32672
32673
32679
32683
32684
32686
32687
32695
32697
32698
32701
32702
32704
32704
32719
32720
32724
32724
32725
32726
32727
32728
32730
32735
32735
32737
32737
32741
32744
32748
32752
32757
32757
32757
32761
32761
32766
32767
