14000
32767
32766
32761
32761
32757
32757
32757
32752
32748
32744
32741
32737
32737
32735
32735
32730
32728
32727
32726
32725
32724
32724
32720
32719
32704
32704
32702
32701
32698
32697
32695
32687
32686
32684
32683
32679
32673
32672
32669
32665
32653
32649
32648
32647
32647
32646
32640
32638
32638
32637
32636
32636
32636
32634
32630
32629
32626
32626
32623
32620
32616
32616
32612
32610
32606
32606
32600
32586
32576
32574
32572
32570
32569
32567
32566
32565
32564
32564
32562
32561
32559
32559
32556
32554
32554
32553
32549
32547
32539
32537
32526
32522
32522
32520
32518
32516
32513
32512
32512
32512
32504
32504
32503
32499
32498
32493
32487
32486
32485
32482
32474
32471
32462
32461
32458
32452
32449
32449
32442
32441
32440
32439
32438
32437
32436
32434
32433
32432
32430
32429
32427
32425
32423
32418
32418
32416
32416
32416
32415
32400
32398
32398
32397
32395
32393
32376
32374
32374
32373
32372
32371
32371
32368
32368
32366
32365
32362
32362
32359
32353
32347
32342
32340
32335
32333
32324
32318
32317
32315
32311
32311
32310
32306
32305
32302
32301
32299
32298
32292
32291
32284
32283
32282
32282
32281
32281
32279
32277
32273
32272
32272
32270
32270
32266
32266
32259
32257
32256
32248
32247
32242
32238
32236
32234
32230
32230
32228
32225
32224
32220
32215
32215
32206
32204
32201
32201
32201
32199
32189
32186
32175
32174
32174
32172
32172
32169
32168
32158
32157
32155
32151
32150
32149
32148
32146
32145
32143
32141
32141
32138
32135
32133
32132
32130
32126
32124
32120
32119
32111
32110
32108
32108
32100
32098
32098
32097
32097
32089
32088
32088
32088
32086
32071
32069
32068
32067
32058
32055
32051
32050
32048
32046
32045
32044
32038
32035
32034
32033
32031
32031
32030
32030
32029
32028
32023
32022
32022
32021
32020
32017
32010
32009
32007
32006
32004
32002
32001
32000
31990
31988
31984
31984
31983
31976
31976
31975
31973
31972
31971
31970
31969
31969
31968
31967
31962
31951
31950
31948
31948
31946
31942
31940
31939
31938
31936
31929
31929
31921
31921
31919
31919
31918
31914
31912
31908
31903
31903
31900
31897
31895
31893
31891
31889
31887
31883
31882
31875
31873
31873
31872
31872
31871
31865
31863
31863
31862
31857
31857
31854
31853
31853
31838
31835
31833
31833
31832
31828
31828
31823
31823
31823
31820
31820
31816
31812
31809
31809
31804
31802
31799
31791
31785
31782
31777
31776
31772
31765
31763
31762
31760
31757
31756
31754
31754
31753
31752
31752
31749
31745
31741
31739
31739
31738
31736
31733
31733
31733
31731
31729
31729
31727
31723
31720
31720
31704
31704
31704
31703
31702
31701
31701
31700
31696
31695
31695
31694
31693
31688
31687
31686
31678
31677
31676
31674
31673
31670
31670
31668
31667
31663
31661
31660
31658
31658
31656
31655
31655
31654
31653
31652
31649
31648
31644
31641
31639
31639
31637
31634
31631
31628
31627
31623
31623
31622
31618
31613
31612
31612
31608
31604
31600
31600
31597
31594
31594
31593
31592
31591
31586
31584
31582
31581
31578
31578
31576
31573
31570
31568
31566
31566
31561
31559
31557
31554
31553
31551
31549
31547
31547
31544
31543
31543
31543
31541
31539
31539
31532
31530
31528
31528
31526
31526
31525
31523
31523
31521
31519
31519
31516
31515
31515
31512
31507
31507
31503
31501
31493
31489
31488
31483
31482
31480
31479
31478
31473
31467
31465
31460
31457
31456
31454
31453
31440
31438
31437
31434
31434
31432
31429
31428
31427
31412
31412
31412
31411
31409
31408
31406
31404
31400
31395
31394
31390
31386
31382
31381
31380
31379
31378
31376
31375
31372
31371
31370
31368
31363
31362
31350
31347
31346
31337
31336
31332
31327
31325
31323
31317
31309
31307
31307
31306
31292
31292
31291
31290
31276
31275
31274
31273
31270
31268
31268
31265
31264
31261
31254
31254
31254
31253
31253
31252
31252
31250
31249
31248
31247
31247
31246
31246
31245
31236
31233
31232
31227
31226
31225
31223
31220
31220
31220
31213
31212
31212
31211
31211
31210
31208
31205
31205
31202
31200
31200
31196
31190
31188
31188
31186
31184
31182
31180
31179
31178
31177
31176
31176
31164
31160
31151
31151
31150
31148
31146
31145
31143
31143
31141
31140
31138
31132
31130
31125
31124
31124
31123
31122
31122
31118
31116
31112
31105
31104
31104
31103
31096
31094
31092
31086
31082
31080
31078
31078
31077
31075
31071
31070
31070
31062
31062
31061
31061
31059
31055
31055
31052
31048
31045
31041
31038
31035
31033
31032
31032
31028
31023
31020
31016
31013
31012
31011
31011
31004
31000
30998
30993
30992
30991
30990
30988
30987
30985
30984
30979
30979
30978
30978
30977
30976
30974
30973
30967
30966
30963
30962
30958
30957
30948
30948
30935
30934
30931
30928
30927
30922
30920
30918
30918
30914
30908
30907
30905
30905
30895
30894
30892
30889
30888
30888
30888
30886
30881
30880
30876
30876
30875
30874
30874
30871
30870
30870
30862
30861
30860
30858
30855
30853
30850
30846
30844
30838
30837
30837
30830
30828
30822
30820
30818
30817
30816
30815
30815
30815
30813
30811
30810
30803
30801
30801
30797
30794
30793
30788
30788
30787
30786
30786
30778
30776
30773
30765
30762
30750
30749
30746
30744
30740
30739
30739
30739
30738
30738
30737
30736
30733
30732
30731
30727
30725
30717
30716
30716
30714
30711
30709
30703
30699
30690
30686
30686
30683
30682
30678
30674
30673
30672
30671
30668
30661
30660
30660
30659
30656
30655
30646
30646
30639
30632
30631
30628
30627
30626
30625
30623
30623
30619
30618
30617
30611
30610
30610
30609
30609
30608
30602
30598
30598
30594
30593
30593
30586
30581
30580
30577
30575
30571
30565
30562
30561
30560
30557
30554
30551
30550
30548
30546
30539
30537
30537
30533
30532
30532
30531
30518
30516
30516
30514
30513
30512
30511
30507
30502
30495
30493
30490
30488
30485
30479
30476
30475
30474
30474
30472
30469
30468
30465
30462
30462
30457
30457
30454
30451
30449
30448
30448
30445
30444
30444
30443
30442
30442
30439
30438
30436
30433
30431
30430
30426
30423
30421
30419
30418
30418
30415
30415
30415
30414
30414
30410
30406
30406
30405
30402
30399
30398
30396
30395
30394
30393
30392
30381
30380
30371
30367
30363
30362
30351
30348
30345
30345
30344
30344
30343
30340
30333
30328
30327
30326
30323
30320
30320
30319
30319
30317
30316
30312
30310
30307
30298
30295
30293
30285
30285
30285
30277
30274
30273
30272
30271
30270
30267
30264
30263
30262
30258
30257
30254
30254
30254
30253
30251
30251
30250
30250
30248
30247
30247
30245
30241
30241
30237
30236
30235
30234
30233
30230
30228
30227
30226
30220
30219
30216
30213
30207
30207
30201
30201
30198
30196
30194
30193
30192
30188
30188
30187
30184
30182
30177
30176
30175
30174
30173
30167
30166
30163
30161
30160
30157
30156
30149
30146
30144
30144
30142
30140
30138
30138
30136
30136
30135
30135
30135
30132
30131
30130
30130
30129
30126
30125
30124
30123
30122
30120
30118
30117
30116
30112
30109
30106
30102
30100
30100
30098
30097
30090
30087
30086
30082
30074
30074
30067
30066
30066
30061
30060
30059
30058
30057
30056
30054
30052
30049
30047
30046
30042
30036
30036
30030
30029
30020
30018
30012
30009
30009
30009
30006
30006
30001
29999
29998
29997
29995
29990
29987
29982
29982
29981
29981
29977
29976
29975
29969
29967
29966
29966
29965
29962
29961
29960
29960
29959
29959
29957
29955
29953
29951
29951
29944
29942
29941
29939
29935
29933
29930
29925
29925
29925
29923
29915
29911
29902
29900
29899
29899
29898
29896
29895
29888
29882
29882
29882
29879
29875
29872
29872
29870
29867
29864
29863
29863
29861
29860
29857
29856
29852
29852
29851
29851
29850
29850
29848
29845
29838
29835
29833
29833
29827
29824
29819
29811
29809
29809
29807
29807
29803
29802
29799
29794
29791
29791
29786
29785
29785
29783
29782
29781
29780
29774
29774
29773
29772
29771
29771
29769
29767
29758
29755
29755
29753
29749
29748
29746
29739
29738
29738
29735
29731
29729
29727
29727
29726
29719
29719
29711
29709
29707
29707
29706
29702
29702
29702
29698
29698
29695
29688
29685
29685
29684
29683
29682
29681
29681
29680
29680
29678
29675
29673
29673
29670
29660
29660
29657
29657
29655
29655
29651
29648
29648
29647
29645
29645
29643
29638
29638
29637
29635
29633
29633
29631
29630
29626
29625
29623
29621
29619
29619
29616
29616
29610
29607
29602
29600
29596
29594
29591
29588
29584
29581
29580
29580
29573
29571
29555
29555
29550
29549
29548
29547
29546
29545
29544
29542
29541
29532
29530
29530
29529
29525
29525
29523
29520
29513
29508
29506
29506
29500
29499
29499
29499
29497
29497
29494
29482
29482
29480
29479
29476
29474
29473
29473
29472
29472
29467
29466
29461
29453
29451
29450
29450
29448
29444
29443
29441
29440
29437
29437
29426
29426
29425
29424
29422
29420
29415
29413
29410
29410
29409
29407
29405
29401
29397
29393
29390
29389
29377
29375
29372
29371
29370
29369
29368
29364
29364
29359
29354
29354
29353
29352
29351
29350
29346
29344
29339
29334
29334
29332
29332
29328
29324
29317
29306
29306
29304
29300
29300
29299
29296
29291
29284
29282
29278
29277
29276
29276
29276
29275
29272
29270
29269
29267
29266
29264
29262
29257
29256
29255
29253
29252
29251
29245
29245
29242
29237
29234
29227
29225
29223
29214
29213
29207
29202
29201
29198
29197
29190
29186
29185
29181
29181
29181
29179
29177
29175
29175
29171
29163
29161
29159
29156
29155
29151
29150
29149
29148
29143
29143
29135
29134
29133
29132
29131
29128
29125
29125
29123
29122
29118
29111
29108
29105
29103
29100
29100
29096
29094
29090
29090
29088
29084
29083
29080
29078
29070
29070
29068
29068
29062
29060
29060
29056
29051
29051
29050
29046
29045
29045
29044
29043
29042
29041
29040
29039
29039
29038
29038
29037
29037
29037
29036
29036
29035
29027
29025
29017
29017
29016
29013
29007
29004
29003
28996
28995
28994
28991
28989
28986
28986
28984
28984
28982
28982
28980
28975
28969
28966
28966
28964
28963
28961
28955
28952
28950
28948
28938
28936
28936
28934
28934
28933
28932
28930
28928
28927
28926
28925
28923
28922
28922
28918
28916
28915
28913
28911
28911
28909
28907
28902
28899
28896
28895
28894
28891
28890
28890
28890
28889
28884
28883
28882
28881
28879
28870
28865
28860
28859
28852
28848
28841
28836
28835
28834
28832
28831
28830
28830
28827
28826
28826
28825
28824
28824
28819
28816
28814
28813
28812
28810
28801
28797
28796
28793
28790
28789
28787
28785
28784
28773
28773
28772
28769
28765
28765
28761
28761
28756
28755
28755
28754
28753
28753
28752
28751
28750
28750
28749
28747
28745
28744
28742
28739
28738
28738
28726
28724
28715
28715
28712
28711
28710
28708
28707
28705
28702
28700
28698
28694
28693
28693
28689
28680
28680
28680
28679
28676
28676
28675
28672
28672
28670
28668
28667
28663
28663
28659
28658
28653
28651
28650
28650
28649
28649
28649
28641
28640
28638
28637
28630
28629
28628
28624
28623
28622
28622
28622
28617
28616
28611
28610
28606
28604
28600
28599
28598
28597
28596
28595
28594
28593
28590
28590
28587
28586
28580
28580
28578
28574
28572
28571
28571
28567
28565
28563
28559
28558
28557
28557
28552
28551
28544
28543
28541
28541
28541
28538
28536
28536
28535
28533
28527
28521
28517
28513
28512
28505
28499
28497
28497
28491
28489
28488
28486
28484
28479
28475
28474
28473
28473
28469
28463
28460
28458
28457
28457
28455
28453
28451
28447
28445
28445
28443
28440
28440
28434
28431
28424
28424
28423
28417
28410
28407
28399
28399
28398
28389
28389
28389
28387
28382
28378
28375
28369
28368
28363
28363
28360
28359
28359
28357
28357
28354
28354
28349
28348
28346
28345
28337
28325
28325
28314
28313
28311
28310
28309
28309
28308
28308
28307
28307
28306
28301
28300
28299
28298
28298
28291
28291
28288
28286
28284
28282
28277
28277
28277
28277
28275
28269
28268
28260
28259
28258
28256
28256
28252
28250
28250
28245
28243
28241
28240
28235
28234
28231
28231
28225
28224
28223
28214
28213
28213
28212
28212
28211
28211
28208
28208
28207
28206
28200
28200
28199
28192
28189
28189
28189
28187
28184
28176
28175
28174
28173
28169
28164
28161
28160
28160
28157
28152
28152
28145
28144
28132
28130
28127
28126
28125
28125
28120
28118
28113
28111
28109
28101
28100
28095
28093
28088
28085
28084
28083
28081
28077
28073
28072
28072
28069
28067
28065
28065
28063
28062
28054
28052
28049
28039
28038
28036
28023
28022
28018
28017
28017
28015
28013
28005
28004
27999
27996
27995
27994
27994
27993
27991
27990
27990
27988
27983
27982
27982
27980
27980
27979
27979
27978
27970
27968
27967
27953
27948
27947
27940
27937
27932
27930
27929
27925
27925
27924
27922
27920
27917
27912
27906
27906
27905
27904
27897
27897
27892
27892
27891
27889
27886
27885
27883
27880
27880
27879
27879
27878
27875
27872
27869
27865
27859
27852
27850
27846
27844
27844
27839
27829
27824
27822
27818
27814
27814
27813
27812
27809
27807
27806
27806
27803
27803
27802
27801
27798
27794
27792
27790
27783
27782
27780
27780
27776
27770
27769
27768
27768
27758
27757
27755
27755
27753
27751
27750
27750
27750
27745
27741
27740
27739
27739
27731
27726
27721
27721
27721
27717
27717
27716
27715
27714
27712
27705
27702
27701
27700
27693
27691
27691
27689
27686
27685
27682
27678
27673
27667
27666
27664
27661
27660
27654
27652
27651
27649
27646
27644
27640
27627
27625
27623
27622
27613
27610
27609
27609
27607
27605
27604
27604
27601
27600
27597
27593
27589
27588
27587
27586
27585
27577
27576
27575
27574
27572
27572
27569
27567
27567
27563
27563
27555
27553
27547
27547
27546
27543
27543
27543
27539
27538
27535
27534
27533
27530
27528
27522
27522
27518
27517
27515
27512
27509
27508
27504
27504
27499
27497
27493
27490
27490
27488
27485
27485
27484
27484
27481
27478
27469
27468
27466
27465
27464
27463
27462
27458
27453
27453
27448
27447
27442
27442
27439
27432
27432
27430
27429
27429
27428
27423
27422
27422
27418
27416
27416
27415
27414
27414
27412
27411
27407
27405
27402
27401
27401
27395
27391
27390
27388
27387
27387
27385
27384
27383
27382
27381
27376
27372
27371
27366
27365
27364
27364
27363
27363
27362
27362
27350
27345
27343
27342
27342
27342
27334
27333
27332
27330
27325
27324
27303
27303
27297
27291
27290
27283
27280
27280
27271
27270
27270
27270
27267
27265
27263
27262
27258
27258
27256
27255
27254
27253
27252
27251
27247
27243
27242
27242
27242
27240
27235
27231
27229
27228
27227
27227
27221
27221
27221
27221
27220
27219
27218
27211
27210
27208
27207
27206
27205
27203
27200
27199
27198
27196
27193
27193
27189
27189
27189
27181
27177
27177
27172
27171
27171
27168
27166
27165
27162
27161
27150
27149
27146
27145
27144
27144
27135
27135
27131
27126
27123
27111
27110
27107
27106
27104
27101
27100
27099
27096
27095
27091
27090
27090
27087
27084
27082
27078
27077
27072
27069
27069
27067
27062
27059
27055
27054
27052
27051
27050
27050
27047
27046
27044
27043
27041
27038
27038
27033
27030
27029
27026
27023
27020
27013
27013
27011
26995
26993
26992
26991
26991
26982
26979
26979
26972
26968
26967
26963
26960
26959
26949
26949
26948
26946
26940
26938
26934
26930
26928
26928
26927
26927
26923
26916
26913
26912
26912
26909
26908
26906
26905
26904
26903
26900
26899
26892
26892
26889
26888
26887
26885
26883
26881
26879
26876
26875
26871
26869
26868
26868
26866
26865
26861
26860
26850
26850
26845
26843
26843
26841
26840
26836
26835
26834
26833
26832
26832
26831
26830
26828
26827
26827
26826
26822
26818
26818
26814
26811
26808
26806
26805
26800
26800
26799
26797
26796
26794
26793
26793
26792
26792
26790
26789
26788
26784
26783
26782
26781
26780
26779
26777
26777
26771
26769
26766
26758
26756
26753
26753
26753
26751
26748
26747
26746
26745
26739
26735
26733
26729
26727
26724
26722
26717
26716
26715
26713
26711
26711
26708
26707
26705
26701
26700
26698
26696
26695
26694
26693
26691
26690
26689
26688
26687
26674
26674
26673
26670
26667
26666
26665
26656
26654
26654
26651
26650
26649
26647
26645
26645
26638
26637
26637
26632
26631
26629
26627
26626
26623
26619
26613
26611
26603
26603
26602
26602
26599
26599
26597
26596
26591
26583
26581
26572
26571
26566
26566
26561
26559
26557
26555
26555
26549
26546
26544
26544
26542
26539
26539
26538
26534
26531
26528
26523
26522
26521
26521
26520
26519
26517
26512
26507
26506
26504
26504
26501
26499
26495
26491
26489
26484
26483
26480
26478
26477
26477
26475
26474
26473
26473
26472
26471
26470
26469
26463
26463
26462
26455
26451
26451
26450
26449
26442
26441
26439
26438
26436
26436
26434
26426
26425
26423
26422
26421
26421
26417
26415
26414
26412
26412
26409
26407
26407
26406
26404
26401
26401
26401
26398
26395
26395
26392
26384
26374
26366
26366
26361
26361
26356
26345
26342
26339
26334
26333
26332
26330
26326
26323
26317
26317
26314
26312
26311
26310
26308
26307
26303
26302
26302
26300
26297
26290
26288
26276
26276
26275
26274
26273
26272
26271
26271
26268
26265
26265
26264
26261
26261
26259
26254
26253
26253
26253
26252
26251
26250
26250
26249
26246
26245
26245
26243
26242
26240
26239
26238
26237
26236
26235
26229
26225
26223
26223
26222
26213
26210
26209
26205
26203
26202
26202
26202
26197
26194
26187
26187
26187
26184
26184
26181
26179
26176
26175
26174
26169
26168
26167
26166
26164
26161
26158
26158
26149
26149
26145
26138
26135
26133
26127
26126
26123
26120
26118
26106
26100
26099
26095
26093
26092
26088
26085
26083
26083
26076
26076
26074
26074
26065
26062
26061
26060
26060
26058
26056
26054
26054
26053
26051
26051
26049
26047
26046
26045
26045
26042
26037
26033
26031
26030
26025
26025
26014
26013
26012
26012
26009
26008
26002
25996
25995
25995
25994
25990
25989
25988
25985
25979
25976
25976
25963
25962
25957
25956
25956
25955
25955
25954
25950
25947
25945
25942
25942
25935
25932
25930
25926
25923
25921
25921
25917
25912
25907
25907
25901
25896
25890
25884
25883
25881
25879
25879
25879
25877
25873
25870
25868
25867
25857
25852
25850
25848
25842
25838
25838
25832
25830
25828
25824
25823
25819
25816
25816
25813
25811
25810
25806
25804
25802
25800
25799
25799
25796
25795
25792
25784
25780
25778
25776
25774
25772
25772
25771
25771
25765
25764
25763
25761
25759
25758
25757
25756
25754
25753
25753
25751
25748
25746
25743
25742
25739
25739
25736
25735
25734
25726
25724
25720
25720
25716
25713
25706
25706
25704
25702
25701
25701
25699
25699
25698
25691
25689
25688
25680
25678
25674
25673
25672
25671
25664
25657
25656
25654
25652
25651
25651
25650
25641
25641
25640
25634
25628
25623
25623
25614
25614
25612
25612
25608
25594
25592
25592
25592
25591
25591
25591
25587
25586
25584
25583
25583
25576
25574
25571
25569
25564
25563
25563
25562
25561
25559
25556
25556
25555
25549
25548
25540
25538
25537
25536
25535
25534
25533
25532
25531
25530
25522
25516
25516
25515
25510
25510
25509
25507
25506
25504
25500
25494
25490
25487
25485
25485
25480
25478
25477
25471
25469
25469
25466
25464
25462
25461
25461
25459
25452
25452
25452
25449
25447
25443
25437
25431
25431
25429
25426
25425
25423
25420
25415
25413
25411
25408
25408
25407
25403
25398
25393
25393
25393
25392
25389
25388
25387
25383
25379
25379
25377
25377
25376
25372
25372
25364
25360
25355
25353
25349
25348
25343
25341
25341
25341
25336
25336
25334
25327
25324
25309
25308
25308
25306
25305
25302
25298
25297
25292
25290
25285
25283
25282
25282
25282
25277
25276
25271
25271
25270
25265
25264
25263
25263
25260
25255
25254
25254
25249
25246
25244
25244
25244
25241
25240
25234
25232
25232
25230
25226
25225
25222
25220
25220
25219
25217
25210
25210
25206
25205
25205
25204
25202
25201
25198
25197
25195
25191
25190
25189
25185
25184
25183
25178
25177
25177
25172
25172
25169
25165
25159
25159
25158
25154
25154
25145
25143
25142
25140
25140
25138
25138
25135
25130
25127
25123
25123
25121
25121
25119
25117
25116
25115
25112
25111
25111
25111
25106
25105
25103
25101
25101
25100
25094
25091
25090
25086
25086
25082
25079
25071
25069
25065
25064
25056
25053
25052
25051
25051
25050
25049
25040
25039
25038
25037
25033
25032
25031
25031
25028
25027
25026
25023
25023
25020
25018
25017
25016
25012
25011
25004
25003
25000
24999
24998
24998
24995
24995
24992
24990
24985
24985
24979
24978
24974
24973
24973
24972
24970
24968
24963
24962
24962
24958
24955
24954
24952
24952
24945
24940
24937
24936
24935
24934
24933
24932
24932
24930
24927
24924
24924
24923
24923
24918
24917
24917
24917
24913
24911
24909
24907
24903
24901
24897
24895
24894
24887
24886
24881
24880
24880
24873
24872
24872
24872
24868
24864
24859
24856
24856
24855
24855
24854
24854
24848
24848
24846
24840
24838
24836
24836
24831
24831
24829
24829
24827
24823
24821
24820
24819
24813
24813
24813
24812
24807
24804
24798
24796
24796
24791
24784
24781
24780
24770
24767
24766
24762
24762
24762
24758
24757
24757
24753
24751
24751
24749
24748
24747
24744
24738
24737
24734
24725
24724
24720
24719
24713
24711
24708
24705
24700
24700
24690
24690
24688
24683
24682
24682
24681
24678
24678
24674
24673
24673
24672
24670
24670
24670
24669
24664
24658
24655
24655
24653
24652
24652
24643
24641
24640
24638
24634
24632
24625
24625
24624
24623
24622
24620
24620
24614
24613
24613
24611
24601
24598
24595
24593
24591
24591
24590
24588
24586
24586
24581
24580
24580
24576
24566
24562
24560
24560
24559
24555
24552
24551
24550
24545
24545
24542
24538
24538
24537
24536
24536
24534
24529
24529
24527
24522
24522
24521
24518
24517
24511
24511
24509
24509
24508
24506
24502
24500
24497
24492
24490
24489
24489
24484
24484
24480
24479
24478
24475
24472
24468
24467
24458
24455
24452
24451
24451
24451
24450
24449
24447
24436
24430
24430
24425
24424
24423
24422
24420
24418
24418
24416
24407
24402
24400
24400
24395
24389
24388
24384
24383
24379
24378
24377
24374
24370
24368
24368
24368
24365
24365
24365
24364
24361
24361
24356
24353
24352
24351
24351
24346
24345
24345
24344
24339
24338
24336
24336
24336
24335
24335
24333
24328
24327
24326
24325
24323
24320
24320
24313
24311
24311
24307
24304
24303
24302
24297
24296
24287
24287
24284
24279
24277
24275
24274
24272
24270
24262
24262
24249
24249
24248
24247
24245
24244
24239
24237
24235
24232
24231
24224
24224
24221
24219
24214
24213
24213
24212
24212
24211
24211
24210
24207
24203
24202
24200
24197
24197
24194
24192
24185
24183
24173
24170
24169
24165
24165
24165
24162
24159
24159
24158
24155
24150
24148
24148
24146
24146
24146
24144
24143
24140
24136
24133
24131
24130
24125
24122
24120
24119
24114
24112
24110
24110
24107
24099
24097
24089
24088
24088
24083
24082
24081
24081
24080
24079
24071
24068
24064
24063
24061
24060
24058
24056
24054
24049
24047
24045
24043
24041
24041
24039
24039
24038
24036
24035
24035
24034
24030
24030
24020
24019
24015
23998
23996
23995
23992
23990
23988
23983
23980
23980
23979
23978
23977
23976
23976
23973
23969
23967
23965
23965
23964
23963
23962
23961
23958
23955
23953
23948
23940
23939
23937
23937
23935
23927
23922
23919
23917
23916
23910
23908
23907
23902
23900
23899
23895
23894
23889
23889
23887
23887
23883
23883
23882
23878
23874
23873
23869
23862
23862
23862
23857
23856
23853
23852
23852
23849
23848
23846
23846
23845
23845
23842
23840
23838
23835
23835
23831
23830
23825
23821
23820
23818
23818
23813
23811
23809
23807
23806
23806
23800
23798
23798
23794
23793
23792
23791
23786
23786
23785
23785
23778
23776
23775
23773
23770
23763
23761
23755
23750
23747
23747
23741
23739
23738
23734
23733
23730
23728
23724
23719
23718
23717
23717
23716
23711
23709
23706
23702
23700
23699
23699
23698
23696
23694
23694
23692
23692
23692
23691
23688
23686
23686
23675
23674
23673
23668
23667
23663
23663
23661
23656
23647
23641
23637
23634
23632
23631
23628
23627
23621
23619
23618
23617
23615
23614
23613
23610
23609
23608
23607
23606
23603
23602
23601
23598
23593
23590
23589
23582
23575
23574
23573
23572
23571
23570
23567
23565
23560
23559
23552
23549
23547
23546
23543
23543
23539
23538
23537
23534
23531
23530
23523
23520
23520
23518
23516
23514
23510
23506
23503
23497
23496
23496
23494
23490
23488
23487
23487
23486
23483
23482
23481
23473
23471
23470
23470
23465
23463
23460
23456
23452
23451
23450
23439
23437
23435
23427
23426
23422
23421
23420
23417
23416
23415
23412
23410
23408
23408
23404
23401
23399
23391
23388
23382
23382
23373
23372
23371
23364
23357
23353
23352
23349
23342
23338
23338
23336
23336
23334
23328
23328
23328
23327
23324
23321
23321
23321
23320
23312
23309
23305
23302
23299
23299
23299
23298
23295
23289
23286
23285
23283
23282
23282
23281
23276
23276
23274
23273
23272
23272
23270
23268
23265
23259
23258
23258
23257
23253
23250
23247
23246
23245
23245
23244
23243
23240
23238
23237
23236
23232
23231
23229
23229
23229
23226
23224
23222
23217
23209
23207
23204
23201
23197
23197
23197
23195
23195
23195
23190
23184
23183
23177
23177
23176
23173
23171
23170
23170
23162
23159
23158
23153
23152
23152
23152
23147
23146
23145
23142
23142
23141
23139
23137
23135
23134
23134
23132
23131
23127
23122
23119
23117
23117
23115
23115
23114
23113
23107
23107
23104
23103
23099
23099
23095
23091
23088
23087
23086
23082
23079
23077
23073
23072
23071
23071
23071
23069
23065
23064
23057
23055
23054
23053
23049
23049
23048
23043
23028
23027
23027
23026
23025
23022
23021
23021
23018
23015
23013
23012
23008
23007
23006
23005
23004
22999
22998
22998
22997
22996
22992
22990
22985
22983
22983
22981
22981
22978
22976
22975
22973
22971
22968
22967
22965
22964
22962
22960
22959
22958
22958
22957
22952
22951
22950
22946
22944
22942
22942
22941
22941
22940
22940
22932
22927
22924
22918
22917
22914
22913
22912
22912
22910
22900
22900
22900
22900
22897
22894
22893
22889
22888
22888
22885
22881
22879
22877
22872
22871
22869
22869
22863
22860
22857
22857
22855
22855
22845
22840
22839
22838
22836
22834
22833
22833
22831
22828
22826
22825
22821
22818
22816
22816
22815
22810
22809
22809
22808
22804
22803
22802
22798
22797
22796
22794
22793
22792
22786
22785
22782
22781
22780
22778
22777
22775
22771
22770
22770
22767
22767
22766
22766
22766
22765
22761
22760
22759
22755
22754
22753
22752
22752
22750
22749
22747
22746
22745
22743
22743
22741
22740
22740
22737
22735
22733
22729
22727
22726
22719
22709
22706
22705
22703
22701
22700
22699
22698
22697
22695
22692
22692
22689
22689
22687
22682
22680
22678
22673
22662
22658
22657
22651
22651
22650
22646
22645
22643
22642
22641
22641
22636
22634
22634
22631
22630
22630
22626
22622
22620
22618
22608
22607
22606
22605
22601
22599
22597
22596
22595
22594
22594
22592
22586
22581
22578
22578
22578
22576
22574
22572
22571
22571
22568
22565
22564
22563
22560
22560
22557
22555
22554
22554
22553
22551
22550
22550
22545
22543
22541
22538
22537
22536
22534
22534
22533
22533
22533
22530
22527
22527
22524
22523
22523
22522
22522
22521
22520
22517
22516
22516
22515
22514
22513
22513
22508
22507
22507
22501
22500
22497
22493
22493
22491
22489
22489
22486
22481
22476
22474
22473
22473
22471
22469
22463
22460
22460
22456
22454
22445
22443
22440
22440
22436
22435
22434
22433
22430
22428
22424
22420
22414
22413
22413
22412
22405
22404
22402
22400
22397
22395
22394
22393
22390
22389
22388
22388
22388
22382
22376
22374
22371
22371
22368
22365
22363
22359
22358
22355
22355
22353
22349
22348
22348
22346
22343
22338
22335
22332
22330
22329
22327
22324
22324
22320
22317
22313
22313
22313
22307
22307
22304
22295
22295
22290
22287
22282
22282
22282
22272
22271
22266
22265
22265
22264
22262
22260
22258
22256
22255
22254
22254
22252
22251
22250
22242
22239
22238
22238
22235
22234
22232
22231
22230
22227
22227
22226
22226
22225
22224
22221
22220
22218
22216
22197
22195
22195
22193
22189
22186
22184
22182
22172
22171
22168
22167
22163
22161
22157
22156
22155
22145
22137
22136
22136
22133
22125
22124
22121
22116
22114
22114
22113
22106
22102
22100
22099
22098
22096
22096
22091
22087
22086
22083
22083
22083
22082
22082
22078
22068
22063
22062
22062
22056
22055
22055
22054
22054
22051
22049
22049
22047
22046
22041
22040
22038
22038
22036
22034
22033
22029
22028
22028
22028
22026
22025
22025
22018
22017
22016
22015
22011
22002
22001
21999
21999
21997
21997
21992
21988
21988
21987
21985
21979
21976
21976
21973
21971
21967
21966
21956
21956
21954
21950
21950
21949
21944
21943
21941
21941
21940
21939
21939
21939
21939
21930
21930
21929
21929
21922
21922
21920
21919
21919
21916
21914
21911
21910
21909
21908
21906
21903
21900
21899
21898
21896
21896
21892
21884
21881
21874
21870
21864
21863
21862
21861
21861
21859
21857
21856
21855
21852
21850
21843
21842
21841
21839
21837
21836
21834
21834
21833
21832
21828
21824
21822
21816
21815
21813
21813
21813
21812
21812
21811
21810
21809
21809
21808
21797
21795
21794
21792
21791
21788
21784
21784
21782
21780
21778
21776
21773
21773
21772
21769
21767
21762
21760
21749
21748
21743
21742
21741
21737
21735
21729
21729
21726
21724
21721
21718
21713
21711
21702
21701
21692
21691
21688
21686
21685
21680
21674
21669
21667
21666
21663
21662
21662
21661
21659
21658
21658
21656
21656
21651
21648
21645
21645
21638
21631
21631
21629
21628
21628
21626
21623
21622
21620
21614
21614
21610
21607
21606
21605
21604
21603
21603
21598
21595
21594
21591
21583
21581
21576
21575
21574
21572
21570
21569
21569
21568
21567
21562
21562
21561
21560
21555
21555
21554
21554
21554
21553
21550
21550
21542
21536
21536
21524
21522
21519
21519
21515
21514
21512
21505
21492
21489
21488
21485
21484
21483
21479
21478
21477
21476
21476
21468
21467
21466
21465
21464
21460
21459
21456
21455
21454
21451
21447
21446
21446
21434
21433
21428
21425
21424
21424
21421
21420
21418
21415
21415
21412
21402
21400
21399
21398
21395
21392
21389
21388
21386
21386
21385
21385
21384
21381
21379
21377
21375
21374
21373
21373
21368
21367
21364
21360
21357
21355
21355
21352
21348
21345
21334
21328
21328
21328
21317
21314
21314
21312
21311
21305
21301
21298
21298
21298
21297
21294
21294
21293
21293
21292
21291
21291
21289
21286
21284
21277
21275
21275
21272
21272
21270
21269
21268
21267
21262
21262
21259
21258
21252
21251
21251
21245
21245
21244
21241
21240
21239
21238
21236
21236
21234
21231
21230
21228
21225
21222
21219
21215
21210
21209
21208
21207
21203
21203
21200
21195
21195
21194
21186
21186
21180
21179
21174
21172
21169
21168
21163
21163
21162
21160
21159
21158
21149
21147
21146
21146
21145
21142
21140
21140
21137
21136
21134
21133
21129
21127
21122
21120
21118
21116
21109
21109
21105
21105
21105
21102
21102
21096
21094
21088
21087
21086
21084
21081
21077
21076
21076
21075
21074
21074
21070
21069
21068
21067
21064
21064
21059
21057
21050
21048
21042
21041
21039
21039
21036
21035
21034
21030
21027
21026
21022
21021
21019
21015
20998
20997
20995
20994
20991
20991
20989
20984
20982
20979
20976
20972
20971
20967
20966
20965
20964
20956
20952
20951
20947
20943
20943
20935
20934
20931
20927
20920
20920
20910
20908
20903
20903
20899
20895
20889
20889
20887
20885
20883
20882
20881
20877
20874
20872
20871
20870
20866
20865
20864
20861
20860
20849
20847
20845
20842
20835
20834
20833
20829
20829
20828
20827
20822
20822
20820
20818
20814
20813
20813
20804
20799
20799
20798
20796
20792
20790
20787
20787
20776
20775
20775
20774
20773
20771
20766
20761
20760
20760
20756
20753
20753
20753
20753
20741
20737
20734
20731
20731
20729
20725
20719
20717
20716
20714
20713
20712
20709
20706
20702
20701
20700
20699
20697
20692
20690
20690
20689
20688
20683
20683
20683
20682
20680
20676
20676
20674
20674
20674
20669
20668
20667
20666
20665
20663
20659
20657
20656
20655
20654
20651
20650
20648
20648
20646
20646
20640
20639
20633
20632
20632
20632
20631
20629
20628
20628
20627
20625
20619
20617
20608
20602
20599
20590
20589
20588
20585
20584
20583
20582
20579
20576
20569
20569
20568
20562
20561
20559
20558
20557
20555
20555
20554
20552
20551
20551
20546
20542
20540
20539
20537
20530
20528
20528
20528
20527
20526
20526
20520
20519
20517
20516
20514
20514
20511
20510
20509
20508
20508
20506
20499
20499
20495
20494
20492
20491
20490
20489
20484
20481
20478
20477
20473
20472
20468
20467
20460
20455
20452
20445
20445
20441
20426
20425
20425
20422
20419
20417
20416
20413
20413
20408
20406
20406
20405
20404
20404
20400
20396
20395
20394
20389
20387
20387
20386
20383
20377
20377
20376
20376
20374
20373
20369
20367
20366
20365
20361
20360
20358
20355
20351
20350
20347
20347
20343
20342
20335
20332
20331
20330
20329
20329
20328
20328
20325
20322
20322
20319
20314
20311
20309
20306
20296
20296
20287
20282
20281
20280
20280
20280
20268
20264
20263
20255
20252
20250
20247
20246
20245
20242
20241
20239
20236
20236
20234
20224
20223
20218
20214
20213
20213
20213
20212
20212
20211
20208
20207
20206
20203
20203
20200
20197
20196
20195
20190
20181
20178
20174
20171
20170
20165
20161
20160
20159
20157
20156
20155
20154
20152
20150
20149
20145
20142
20142
20137
20136
20133
20131
20130
20129
20127
20125
20123
20123
20122
20121
20120
20120
20118
20116
20115
20114
20113
20112
20110
20109
20100
20098
20094
20092
20092
20088
20087
20086
20086
20083
20083
20077
20076
20075
20072
20060
20059
20058
20058
20057
20057
20056
20047
20045
20045
20044
20043
20040
20040
20039
20038
20037
20036
20036
20035
20034
20032
20027
20025
20024
20023
20016
20015
20015
20015
20014
20012
20011
20007
20005
19998
19996
19996
19994
19993
19990
19986
19982
19979
19979
19977
19976
19973
19970
19967
19967
19962
19960
19958
19957
19957
19956
19954
19954
19953
19947
19943
19942
19940
19936
19934
19933
19932
19932
19930
19923
19922
19919
19919
19917
19912
19906
19904
19904
19902
19901
19900
19898
19897
19897
19896
19895
19893
19890
19887
19886
19880
19878
19877
19877
19876
19866
19864
19861
19857
19854
19853
19850
19849
19846
19845
19844
19839
19838
19838
19835
19832
19832
19826
19826
19824
19823
19820
19819
19819
19817
19816
19810
19798
19792
19789
19787
19783
19783
19780
19776
19775
19770
19768
19762
19759
19758
19755
19752
19751
19750
19749
19749
19749
19744
19743
19738
19736
19732
19729
19729
19727
19721
19711
19709
19707
19704
19702
19695
19691
19691
19690
19689
19688
19685
19683
19683
19683
19682
19681
19681
19681
19678
19677
19670
19670
19670
19669
19664
19660
19659
19657
19653
19651
19644
19640
19640
19638
19634
19634
19624
19623
19622
19617
19617
19615
19612
19608
19602
19600
19600
19592
19589
19587
19587
19587
19586
19585
19585
19585
19583
19580
19578
19578
19573
19571
19570
19569
19569
19567
19567
19566
19564
19564
19561
19555
19555
19555
19554
19552
19547
19546
19544
19543
19543
19541
19538
19534
19531
19530
19529
19528
19527
19526
19524
19522
19520
19517
19516
19512
19504
19499
19497
19496
19494
19489
19483
19482
19482
19479
19476
19473
19472
19471
19470
19467
19466
19459
19457
19454
19443
19441
19437
19437
19431
19430
19423
19422
19422
19418
19414
19412
19412
19408
19407
19405
19402
19402
19395
19389
19389
19385
19385
19383
19381
19378
19378
19378
19370
19369
19368
19366
19357
19351
19349
19346
19345
19345
19345
19337
19336
19335
19333
19330
19330
19329
19328
19326
19326
19324
19324
19322
19321
19320
19317
19314
19313
19312
19309
19307
19304
19302
19302
19299
19297
19294
19293
19291
19287
19286
19286
19285
19285
19282
19281
19277
19276
19273
19270
19269
19266
19265
19265
19262
19261
19259
19252
19247
19244
19244
19242
19240
19239
19238
19236
19234
19233
19229
19224
19222
19215
19213
19209
19206
19205
19205
19205
19205
19204
19197
19197
19196
19196
19194
19193
19193
19189
19188
19186
19185
19180
19178
19173
19173
19171
19167
19165
19164
19161
19158
19154
19154
19149
19149
19146
19145
19143
19140
19140
19139
19138
19133
19127
19124
19122
19119
19118
19117
19116
19115
19113
19112
19110
19108
19107
19105
19101
19101
19101
19098
19097
19096
19096
19086
19085
19082
19082
19080
19079
19074
19071
19067
19062
19060
19059
19057
19046
19042
19040
19037
19036
19035
19033
19032
19031
19029
19028
19026
19026
19025
19020
19019
19019
19018
19018
19017
19016
19014
19012
19011
19009
19008
19006
19003
19001
19000
19000
18998
18996
18995
18985
18980
18978
18976
18971
18970
18960
18957
18955
18955
18948
18946
18946
18945
18945
18943
18937
18930
18925
18924
18917
18915
18913
18912
18912
18910
18903
18902
18902
18901
18897
18897
18892
18891
18887
18886
18885
18884
18877
18876
18876
18876
18875
18874
18869
18868
18863
18861
18859
18859
18855
18844
18841
18837
18837
18832
18829
18829
18825
18824
18823
18823
18820
18816
18813
18813
18812
18809
18804
18800
18798
18793
18791
18791
18790
18790
18778
18776
18776
18776
18771
18770
18769
18769
18768
18766
18764
18764
18756
18751
18748
18747
18747
18746
18739
18733
18729
18728
18722
18715
18709
18709
18709
18703
18702
18700
18698
18691
18689
18686
18685
18685
18684
18681
18679
18679
18677
18671
18670
18667
18666
18665
18662
18661
18661
18661
18660
18659
18655
18655
18654
18652
18650
18649
18649
18648
18642
18641
18638
18636
18634
18631
18623
18622
18620
18619
18617
18616
18616
18615
18609
18606
18605
18601
18600
18600
18598
18590
18587
18582
18582
18581
18580
18578
18578
18577
18576
18576
18569
18567
18566
18564
18562
18560
18559
18555
18551
18550
18547
18543
18543
18540
18531
18529
18528
18528
18527
18526
18526
18523
18519
18517
18512
18509
18507
18504
18503
18503
18502
18500
18500
18499
18498
18497
18496
18496
18494
18491
18490
18481
18481
18481
18480
18479
18477
18477
18473
18472
18472
18468
18467
18466
18461
18461
18461
18454
18454
18453
18449
18446
18445
18441
18438
18438
18438
18437
18430
18427
18422
18419
18417
18416
18416
18413
18413
18412
18407
18406
18406
18405
18405
18404
18403
18402
18400
18400
18392
18392
18389
18385
18378
18373
18372
18369
18367
18367
18366
18364
18362
18362
18359
18357
18357
18355
18349
18345
18339
18337
18336
18333
18320
18312
18307
18304
18301
18299
18298
18297
18296
18294
18294
18292
18285
18282
18281
18279
18279
18272
18271
18270
18270
18268
18267
18266
18266
18264
18261
18259
18259
18256
18255
18254
18246
18246
18244
18243
18241
18239
18236
18235
18233
18232
18229
18227
18225
18224
18223
18222
18219
18218
18217
18214
18211
18211
18209
18202
18200
18200
18198
18195
18195
18194
18192
18190
18186
18177
18173
18170
18169
18167
18166
18164
18163
18161
18160
18160
18159
18158
18158
18157
18149
18147
18143
18142
18139
18133
18131
18128
18125
18124
18116
18112
18112
18111
18111
18109
18105
18102
18102
18101
18100
18098
18091
18091
18087
18086
18084
18082
18082
18078
18075
18074
18071
18065
18061
18057
18054
18053
18049
18049
18048
18048
18047
18046
18045
18043
18039
18037
18036
18035
18033
18033
18031
18023
18022
18017
18016
18012
18010
18007
18006
18000
17999
17997
17995
17995
17992
17985
17984
17982
17977
17975
17975
17973
17966
17966
17965
17963
17963
17960
17956
17955
17954
17948
17948
17946
17944
17943
17941
17936
17934
17932
17931
17927
17924
17921
17920
17920
17919
17918
17917
17917
17916
17916
17910
17909
17908
17908
17906
17898
17897
17896
17890
17890
17888
17887
17884
17881
17877
17874
17873
17871
17865
17860
17849
17847
17846
17846
17845
17843
17841
17841
17840
17837
17836
17832
17831
17829
17825
17824
17824
17824
17823
17822
17819
17816
17814
17814
17801
17799
17791
17791
17790
17790
17785
17785
17783
17781
17781
17775
17774
17773
17769
17766
17764
17763
17763
17762
17762
17761
17760
17760
17759
17757
17753
17752
17750
17748
17747
17747
17746
17745
17744
17740
17738
17737
17735
17734
17733
17733
17731
17729
17729
17727
17726
17722
17721
17721
17720
17718
17716
17715
17715
17703
17697
17696
17696
17696
17695
17693
17691
17688
17688
17686
17685
17682
17680
17678
17676
17669
17665
17661
17660
17659
17658
17655
17655
17652
17650
17647
17645
17645
17644
17644
17642
17642
17639
17635
17635
17634
17632
17626
17625
17625
17625
17619
17613
17612
17611
17611
17601
17601
17600
17599
17598
17596
17584
17583
17582
17582
17582
17579
17577
17577
17577
17571
17561
17558
17556
17553
17552
17549
17541
17540
17530
17528
17526
17522
17521
17519
17519
17518
17516
17515
17513
17513
17503
17500
17499
17491
17489
17487
17486
17476
17474
17474
17472
17472
17471
17471
17470
17470
17469
17468
17466
17463
17461
17453
17452
17448
17445
17438
17432
17428
17428
17424
17423
17422
17419
17418
17416
17411
17410
17407
17405
17405
17403
17401
17400
17400
17396
17395
17395
17394
17393
17393
17387
17387
17387
17386
17383
17383
17382
17376
17371
17370
17370
17368
17362
17360
17359
17358
17355
17353
17351
17348
17347
17345
17344
17343
17342
17342
17341
17333
17330
17312
17311
17311
17293
17293
17293
17291
17290
17288
17287
17287
17286
17284
17282
17280
17279
17274
17271
17270
17268
17250
17243
17243
17240
17238
17234
17231
17218
17215
17214
17213
17209
17207
17197
17194
17193
17193
17192
17191
17189
17188
17186
17185
17185
17184
17182
17181
17181
17179
17178
17177
17169
17166
17163
17163
17160
17155
17154
17153
17152
17151
17149
17148
17145
17141
17141
17136
17134
17131
17129
17127
17127
17125
17123
17122
17121
17120
17120
17115
17114
17108
17107
17099
17098
17095
17094
17093
17093
17089
17089
17088
17086
17083
17076
17071
17069
17067
17067
17067
17067
17065
17064
17063
17058
17057
17056
17054
17054
17049
17047
17047
17044
17036
17031
17030
17025
17025
17024
17024
17021
17021
17019
17017
17017
17013
17012
17012
17011
17005
17003
16997
16997
16996
16995
16994
16993
16990
16990
16988
16988
16986
16986
16986
16980
16980
16973
16972
16968
16962
16960
16960
16959
16958
16954
16950
16945
16942
16942
16941
16939
16938
16937
16934
16934
16934
16931
16927
16925
16921
16920
16919
16918
16917
16917
16913
16913
16912
16905
16901
16896
16892
16891
16890
16889
16888
16887
16886
16885
16885
16881
16879
16877
16876
16875
16873
16872
16867
16866
16865
16861
16860
16858
16850
16849
16849
16847
16844
16841
16839
16839
16838
16834
16833
16832
16828
16824
16823
16823
16820
16820
16819
16816
16816
16815
16813
16808
16808
16806
16806
16805
16803
16802
16797
16797
16796
16794
16792
16792
16787
16787
16779
16779
16777
16777
16773
16770
16766
16766
16756
16756
16748
16748
16742
16731
16730
16729
16727
16720
16717
16709
16709
16705
16702
16701
16697
16696
16695
16695
16694
16691
16687
16687
16683
16683
16683
16677
16677
16673
16668
16660
16660
16658
16645
16643
16641
16632
16628
16625
16624
16624
16623
16622
16621
16618
16612
16611
16608
16604
16603
16602
16601
16601
16599
16599
16597
16595
16584
16582
16581
16575
16575
16572
16563
16561
16560
16560
16559
16558
16557
16553
16552
16549
16544
16543
16543
16542
16540
16540
16532
16530
16523
16522
16521
16517
16512
16511
16510
16507
16504
16503
16499
16498
16491
16487
16486
16485
16483
16482
16474
16474
16472
16470
16469
16469
16465
16465
16464
16459
16459
16458
16452
16450
16448
16442
16438
16438
16434
16433
16432
16431
16427
16427
16422
16420
16416
16414
16411
16410
16408
16406
16402
16400
16396
16396
16394
16394
16390
16389
16389
16389
16384
16383
16382
16381
16378
16373
16372
16372
16371
16369
16368
16367
16367
16364
16363
16360
16356
16355
16354
16345
16341
16337
16334
16334
16334
16331
16329
16327
16324
16323
16321
16320
16318
16316
16316
16314
16312
16311
16306
16303
16302
16302
16299
16298
16293
16290
16288
16286
16286
16281
16279
16275
16273
16270
16265
16265
16258
16257
16255
16255
16254
16254
16249
16248
16243
16241
16237
16235
16234
16234
16233
16232
16232
16228
16221
16217
16217
16213
16210
16210
16205
16202
16201
16199
16198
16197
16194
16190
16186
16183
16181
16175
16175
16170
16170
16169
16160
16158
16153
16153
16145
16142
16142
16139
16136
16131
16130
16129
16127
16126
16125
16124
16118
16116
16113
16112
16101
16099
16099
16099
16097
16097
16097
16096
16096
16092
16088
16088
16087
16087
16084
16083
16077
16075
16073
16067
16066
16060
16058
16046
16046
16044
16043
16043
16038
16033
16031
16031
16030
16030
16029
16027
16023
16023
16022
16018
16016
16013
16011
16008
16007
16001
16000
16000
15999
15997
15996
15996
15996
15996
15995
15995
15990
15989
15987
15986
15985
15981
15979
15979
15978
15976
15976
15974
15972
15968
15968
15966
15964
15964
15962
15962
15961
15961
15960
15956
15955
15949
15948
15943
15943
15942
15939
15939
15937
15937
15933
15929
15921
15921
15917
15915
15909
15907
15904
15903
15902
15902
15901
15897
15896
15893
15892
15891
15886
15886
15884
15884
15882
15881
15880
15879
15878
15877
15874
15874
15873
15873
15872
15870
15864
15863
15857
15857
15853
15852
15850
15849
15849
15844
15842
15837
15837
15836
15835
15833
15830
15829
15829
15826
15824
15817
15816
15813
15811
15809
15804
15802
15797
15796
15789
15789
15783
15780
15779
15779
15776
15771
15757
15753
15750
15750
15748
15746
15744
15737
15733
15732
15731
15728
15724
15723
15722
15720
15718
15714
15712
15711
15703
15693
15692
15686
15682
15680
15680
15680
15677
15676
15674
15673
15671
15669
15669
15668
15668
15665
15659
15659
15659
15653
15646
15645
15643
15641
15640
15637
15637
15632
15631
15630
15627
15625
15623
15622
15621
15621
15620
15618
15618
15618
15613
15613
15612
15608
15606
15606
15605
15603
15599
15598
15597
15592
15591
15590
15582
15581
15581
15580
15578
15573
15569
15569
15563
15562
15561
15554
15553
15549
15549
15544
15543
15531
15530
15529
15528
15528
15528
15528
15528
15526
15514
15513
15513
15512
15511
15511
15509
15507
15506
15505
15503
15503
15502
15501
15492
15489
15486
15486
15482
15481
15478
15478
15476
15475
15475
15473
15467
15461
15457
15453
15452
15452
15452
15451
15449
15447
15443
15443
15441
15441
15437
15433
15432
15430
15428
15427
15426
15424
15423
15422
15409
15407
15406
15405
15405
15404
15404
15404
15401
15399
15398
15396
15394
15390
15388
15388
15387
15387
15386
15381
15375
15370
15363
15363
15363
15360
15359
15354
15352
15344
15336
15331
15328
15326
15325
15321
15321
15320
15319
15319
15312
15310
15305
15304
15302
15299
15297
15296
15296
15295
15295
15282
15281
15281
15279
15276
15274
15274
15274
15273
15272
15270
15270
15269
15266
15265
15261
15260
15259
15258
15255
15255
15253
15250
15246
15246
15246
15245
15245
15241
15241
15241
15241
15241
15238
15238
15237
15236
15230
15228
15227
15226
15223
15221
15220
15218
15217
15205
15196
15196
15193
15192
15186
15183
15181
15177
15172
15172
15171
15171
15170
15170
15167
15167
15167
15167
15162
15161
15158
15153
15150
15149
15146
15139
15137
15137
15136
15136
15134
15130
15129
15128
15127
15126
15123
15118
15116
15116
15113
15113
15113
15111
15108
15100
15099
15094
15091
15089
15085
15084
15083
15080
15078
15074
15073
15073
15070
15069
15067
15056
15052
15050
15045
15045
15045
15029
15026
15023
15019
15014
15008
15007
15006
14999
14997
14994
14989
14984
14984
14976
14972
14970
14969
14969
14969
14968
14968
14967
14965
14965
14965
14964
14962
14961
14958
14958
14953
14949
14945
14943
14937
14936
14934
14934
14933
14933
14931
14930
14929
14928
14921
14921
14920
14916
14911
14906
14900
14896
14896
14895
14891
14887
14886
14885
14883
14881
14880
14875
14874
14873
14873
14872
14872
14871
14868
14864
14858
14858
14856
14854
14844
14841
14840
14839
14839
14838
14838
14838
14836
14829
14826
14822
14820
14818
14818
14814
14809
14809
14807
14806
14806
14801
14801
14794
14794
14785
14785
14784
14783
14778
14775
14774
14772
14770
14770
14767
14762
14759
14751
14746
14744
14741
14728
14726
14725
14722
14720
14717
14715
14715
14715
14715
14714
14712
14712
14710
14709
14709
14707
14706
14702
14702
14702
14699
14697
14694
14693
14691
14689
14685
14679
14678
14678
14674
14671
14670
14669
14667
14666
14663
14658
14656
14654
14649
14649
14649
14647
14643
14642
14642
14640
14638
14633
14633
14631
14630
14628
14627
14623
14623
14619
14618
14616
14615
14615
14612
14612
14611
14609
14606
14600
14599
14595
14591
14591
14587
14584
14575
14575
14572
14571
14570
14569
14565
14565
14560
14557
14550
14549
14547
14547
14546
14546
14546
14546
14542
14539
14535
14530
14528
14527
14527
14527
14526
14523
14523
14518
14517
14515
14511
14508
14503
14501
14496
14494
14492
14486
14485
14485
14481
14481
14481
14481
14480
14480
14478
14478
14476
14476
14474
14471
14470
14469
14468
14465
14464
14461
14458
14456
14454
14453
14447
14443
14442
14434
14429
14428
14427
14425
14414
14412
14409
14406
14405
14403
14402
14400
14399
14389
14389
14385
14383
14379
14379
14376
14376
14375
14371
14371
14366
14363
14361
14360
14357
14355
14349
14348
14346
14346
14343
14343
14343
14341
14340
14334
14333
14332
14331
14330
14322
14320
14319
14319
14313
14312
14311
14309
14309
14307
14306
14303
14302
14300
14297
14296
14296
14294
14293
14291
14291
14290
14290
14289
14288
14288
14284
14279
14279
14277
14269
14269
14264
14263
14261
14259
14257
14252
14251
14233
14232
14232
14232
14230
14229
14224
14223
14217
14216
14215
14210
14203
14203
14202
14201
14199
14198
14193
14190
14189
14185
14184
14180
14177
14175
14172
14168
14164
14164
14162
14159
14158
14158
14157
14154
14154
14151
14150
14142
14142
14139
14139
14138
14137
14137
14137
14135
14135
14135
14134
14134
14133
14126
14114
14110
14107
14105
14103
14094
14093
14092
14091
14091
14086
14086
14085
14083
14081
14081
14081
14079
14078
14074
14071
14071
14064
14063
14063
14061
14061
14054
14052
14051
14050
14048
14046
14045
14042
14041
14040
14037
14035
14033
14027
14022
14017
14017
14015
14014
14011
14008
14007
14003
14002
13998
13998
13996
13995
13994
13991
13991
13989
13986
13985
13981
13977
13977
13976
13976
13973
13966
13965
13961
13961
13958
13952
13947
13944
13943
13940
13940
13939
13937
13932
13927
13926
13925
13916
13914
13914
13912
13911
13910
13905
13904
13902
13900
13899
13898
13898
13897
13896
13894
13894
13892
13887
13886
13882
13877
13877
13872
13872
13872
13871
13869
13860
13856
13856
13848
13843
13843
13840
13840
13837
13832
13830
13829
13826
13819
13818
13817
13812
13811
13808
13807
13805
13803
13800
13799
13799
13796
13796
13796
13795
13794
13793
13792
13789
13787
13787
13786
13780
13773
13769
13769
13765
13763
13757
13757
13756
13749
13745
13744
13743
13742
13740
13740
13739
13738
13737
13736
13734
13732
13732
13731
13730
13728
13721
13721
13718
13716
13711
13711
13710
13707
13707
13707
13706
13705
13705
13704
13703
13694
13694
13691
13687
13686
13682
13679
13679
13678
13678
13672
13668
13665
13662
13661
13659
13659
13659
13655
13649
13648
13638
13635
13631
13630
13630
13626
13617
13616
13613
13611
13610
13610
13609
13607
13605
13604
13603
13598
13598
13595
13595
13594
13592
13585
13584
13583
13579
13578
13574
13573
13571
13569
13569
13569
13566
13562
13561
13561
13560
13560
13556
13555
13547
13543
13542
13539
13539
13537
13535
13533
13524
13523
13518
13516
13516
13512
13509
13507
13505
13505
13504
13499
13496
13493
13490
13485
13483
13481
13480
13479
13478
13476
13469
13466
13462
13462
13459
13456
13455
13453
13453
13449
13448
13447
13443
13440
13439
13438
13426
13426
13423
13422
13411
13407
13406
13406
13399
13389
13386
13382
13377
13376
13375
13371
13370
13368
13368
13365
13364
13357
13353
13352
13347
13347
13345
13344
13338
13338
13333
13332
13332
13331
13330
13325
13322
13319
13319
13318
13313
13313
13308
13307
13305
13302
13294
13293
13292
13288
13284
13281
13278
13270
13268
13266
13263
13254
13250
13244
13243
13242
13242
13239
13236
13236
13234
13231
13230
13230
13229
13229
13228
13225
13224
13224
13223
13222
13222
13221
13218
13217
13214
13206
13205
13204
13204
13196
13193
13189
13183
13179
13179
13176
13175
13173
13171
13167
13167
13165
13164
13164
13162
13159
13158
13155
13149
13146
13145
13143
13139
13139
13138
13131
13130
13129
13122
13120
13119
13117
13114
13113
13112
13110
13110
13106
13105
13102
13100
13097
13096
13095
13093
13093
13093
13093
13085
13084
13080
13080
13078
13074
13070
13068
13067
13067
13063
13062
13061
13060
13058
13057
13053
13044
13042
13038
13037
13037
13037
13035
13033
13028
13024
13022
13016
13016
13016
13012
13009
13007
13006
13002
12997
12997
12995
12993
12993
12990
12988
12983
12981
12980
12979
12975
12974
12973
12972
12971
12971
12970
12967
12965
12965
12964
12964
12962
12961
12960
12959
12956
12953
12953
12947
12947
12946
12942
12942
12941
12939
12937
12933
12929
12929
12921
12921
12920
12920
12920
12916
12914
12913
12911
12908
12907
12905
12904
12903
12896
12895
12890
12875
12868
12867
12867
12865
12863
12863
12860
12860
12858
12857
12853
12851
12847
12845
12844
12843
12841
12832
12832
12831
12828
12827
12826
12824
12815
12810
12810
12806
12805
12804
12801
12800
12800
12799
12798
12796
12795
12794
12791
12789
12783
12782
12777
12773
12766
12761
12760
12757
12754
12754
12751
12748
12744
12743
12738
12736
12734
12734
12731
12729
12729
12728
12725
12720
12719
12718
12717
12714
12713
12707
12701
12700
12700
12698
12696
12695
12695
12694
12692
12690
12690
12689
12688
12687
12680
12679
12679
12676
12673
12671
12668
12666
12664
12664
12661
12660
12658
12651
12642
12640
12640
12639
12638
12637
12633
12629
12629
12628
12627
12625
12625
12617
12615
12615
12613
12608
12606
12605
12603
12598
12593
12593
12587
12583
12583
12575
12573
12570
12566
12565
12564
12561
12560
12559
12557
12556
12555
12545
12544
12541
12536
12528
12527
12522
12520
12518
12513
12512
12511
12510
12507
12507
12506
12499
12498
12495
12493
12493
12492
12491
12491
12491
12489
12487
12486
12485
12483
12483
12482
12481
12473
12473
12468
12467
12467
12465
12464
12463
12450
12446
12446
12445
12444
12442
12438
12438
12436
12434
12433
12432
12432
12432
12430
12424
12422
12421
12420
12419
12418
12416
12415
12414
12412
12411
12409
12408
12392
12391
12391
12390
12390
12388
12386
12386
12385
12381
12376
12375
12373
12368
12367
12367
12355
12354
12353
12350
12349
12348
12346
12345
12344
12340
12334
12332
12331
12331
12330
12330
12327
12323
12323
12320
12319
12311
12304
12303
12303
12303
12302
12302
12298
12296
12292
12290
12290
12288
12284
12282
12281
12280
12279
12277
12277
12272
12267
12265
12264
12259
12255
12255
12252
12252
12252
12243
12241
12240
12240
12237
12236
12234
12233
12232
12229
12228
12224
12220
12218
12218
12218
12216
12216
12215
12207
12203
12202
12199
12198
12198
12196
12195
12193
12192
12189
12188
12187
12187
12185
12181
12179
12178
12178
12178
12177
12174
12173
12172
12170
12170
12167
12165
12165
12158
12156
12153
12151
12149
12148
12145
12144
12141
12136
12135
12134
12134
12128
12123
12122
12121
12121
12120
12120
12118
12117
12115
12112
12108
12107
12105
12094
12091
12089
12087
12085
12080
12078
12077
12072
12070
12059
12050
12047
12044
12044
12041
12038
12033
12032
12027
12025
12023
12019
12017
12017
12015
12010
12009
12002
11998
11992
11988
11984
11983
11981
11978
11978
11978
11976
11975
11973
11968
11967
11966
11958
11958
11956
11953
11953
11950
11947
11947
11947
11946
11944
11942
11941
11941
11935
11935
11934
11933
11930
11930
11927
11925
11925
11923
11922
11919
11919
11918
11917
11911
11911
11910
11909
11908
11908
11907
11905
11904
11901
11899
11897
11897
11893
11893
11891
11889
11888
11887
11886
11886
11879
11876
11869
11867
11865
11863
11861
11849
11849
11848
11848
11837
11827
11818
11818
11817
11811
11807
11806
11804
11804
11804
11803
11802
11799
11799
11797
11796
11794
11792
11789
11789
11786
11785
11784
11784
11783
11778
11777
11770
11768
11766
11766
11766
11765
11762
11762
11761
11760
11757
11756
11753
11749
11749
11747
11747
11745
11745
11744
11744
11740
11740
11736
11734
11733
11732
11730
11728
11728
11723
11722
11722
11719
11716
11709
11709
11707
11706
11704
11691
11683
11682
11682
11682
11681
11681
11681
11680
11669
11667
11667
11662
11658
11652
11649
11648
11648
11647
11644
11641
11641
11640
11636
11635
11632
11632
11631
11630
11629
11628
11628
11628
11626
11621
11618
11617
11616
11616
11614
11610
11607
11600
11599
11599
11598
11598
11594
11594
11592
11589
11589
11588
11587
11586
11582
11582
11577
11576
11570
11563
11559
11552
11552
11551
11548
11536
11533
11533
11530
11529
11528
11526
11523
11523
11514
11511
11510
11501
11499
11499
11499
11498
11498
11497
11496
11493
11492
11490
11489
11488
11488
11486
11480
11475
11474
11470
11467
11464
11462
11458
11457
11456
11446
11446
11444
11441
11438
11437
11436
11431
11430
11426
11426
11425
11425
11423
11420
11419
11419
11413
11408
11402
11402
11401
11400
11398
11397
11395
11394
11390
11384
11378
11378
11375
11373
11367
11366
11364
11363
11361
11356
11354
11349
11348
11345
11343
11342
11340
11336
11326
11324
11323
11322
11317
11313
11312
11310
11310
11310
11303
11302
11296
11296
11292
11291
11285
11281
11281
11274
11272
11270
11266
11264
11263
11259
11259
11256
11255
11252
11247
11246
11242
11241
11238
11235
11234
11232
11228
11226
11226
11224
11222
11222
11221
11215
11214
11213
11213
11207
11200
11197
11193
11190
11186
11183
11183
11182
11182
11182
11180
11176
11175
11169
11166
11164
11164
11164
11160
11158
11154
11153
11151
11150
11148
11148
11147
11147
11147
11144
11144
11143
11141
11137
11136
11136
11133
11133
11128
11126
11120
11120
11120
11119
11118
11118
11115
11114
11110
11105
11105
11102
11101
11096
11096
11092
11092
11088
11088
11085
11080
11079
11077
11076
11075
11074
11065
11062
11057
11056
11056
11056
11055
11050
11050
11049
11048
11047
11047
11044
11044
11043
11038
11037
11033
11029
11024
11018
11010
11008
11006
11004
11004
11002
11001
11000
11000
10996
10994
10994
10991
10986
10982
10979
10976
10976
10970
10969
10964
10960
10953
10952
10950
10949
10946
10943
10942
10940
10939
10936
10936
10934
10934
10928
10924
10924
10922
10919
10919
10918
10918
10917
10912
10910
10909
10905
10904
10903
10902
10900
10894
10889
10886
10877
10875
10875
10870
10865
10863
10859
10857
10855
10849
10846
10844
10844
10843
10838
10838
10831
10826
10825
10821
10817
10813
10813
10809
10807
10806
10801
10798
10793
10778
10775
10774
10770
10768
10759
10757
10754
10744
10737
10737
10736
10734
10726
10723
10723
10723
10720
10719
10715
10715
10712
10711
10707
10706
10701
10700
10700
10699
10695
10692
10684
10684
10684
10682
10678
10676
10674
10669
10669
10667
10666
10660
10658
10656
10651
10647
10647
10647
10644
10644
10643
10641
10641
10634
10629
10628
10626
10626
10624
10624
10622
10622
10621
10612
10610
10608
10607
10606
10605
10603
10597
10597
10596
10590
10584
10584
10581
10581
10580
10577
10570
10569
10568
10567
10565
10564
10564
10556
10555
10554
10552
10550
10550
10550
10550
10547
10546
10540
10539
10539
10539
10536
10533
10530
10530
10526
10526
10525
10525
10525
10523
10521
10519
10513
10513
10512
10511
10510
10509
10507
10507
10505
10505
10505
10502
10498
10498
10491
10489
10488
10487
10486
10483
10481
10474
10469
10469
10466
10460
10459
10454
10453
10448
10447
10434
10429
10429
10428
10425
10421
10421
10419
10416
10408
10402
10394
10388
10388
10381
10375
10372
10372
10371
10369
10368
10367
10365
10363
10361
10360
10358
10352
10350
10348
10345
10344
10343
10342
10341
10339
10336
10334
10332
10330
10327
10327
10327
10325
10325
10324
10324
10323
10321
10317
10316
10313
10310
10309
10307
10307
10304
10304
10303
10298
10298
10295
10293
10285
10279
10274
10274
10272
10270
10263
10262
10257
10249
10246
10240
10239
10237
10236
10235
10234
10222
10217
10217
10216
10214
10213
10212
10212
10209
10204
10204
10199
10193
10189
10188
10188
10186
10185
10182
10180
10178
10171
10164
10160
10158
10153
10152
10151
10145
10141
10135
10135
10134
10134
10130
10129
10129
10128
10127
10127
10122
10122
10121
10117
10117
10112
10112
10112
10109
10106
10099
10097
10095
10094
10093
10091
10090
10089
10081
10078
10078
10077
10077
10077
10073
10070
10066
10056
10053
10047
10045
10042
10042
10040
10038
10037
10037
10033
10028
10027
10024
10024
10023
10023
10022
10021
10017
10016
10016
10013
10011
10010
10008
10004
9993
9991
9988
9987
9974
9974
9973
9973
9968
9961
9961
9957
9956
9955
9952
9951
9948
9939
9931
9931
9927
9927
9921
9918
9917
9914
9910
9910
9908
9904
9902
9901
9896
9894
9888
9885
9883
9882
9881
9879
9879
9876
9874
9874
9874
9873
9873
9872
9871
9866
9857
9852
9851
9851
9845
9844
9839
9832
9832
9825
9820
9820
9813
9813
9812
9801
9801
9801
9800
9797
9793
9792
9791
9790
9787
9783
9779
9776
9775
9775
9774
9771
9770
9767
9761
9758
9758
9757
9757
9757
9755
9752
9749
9749
9749
9746
9738
9738
9735
9730
9723
9723
9722
9716
9713
9710
9707
9704
9704
9704
9702
9700
9699
9697
9689
9688
9688
9687
9682
9678
9673
9672
9671
9667
9663
9662
9661
9660
9657
9654
9652
9651
9647
9645
9645
9644
9643
9640
9639
9635
9635
9632
9632
9629
9629
9627
9616
9616
9616
9616
9613
9604
9602
9602
9598
9597
9594
9593
9590
9590
9589
9585
9584
9581
9579
9578
9577
9574
9569
9565
9563
9555
9555
9552
9544
9544
9539
9537
9530
9525
9525
9522
9521
9516
9512
9507
9507
9502
9502
9499
9498
9486
9484
9482
9479
9476
9476
9474
9473
9472
9472
9471
9467
9466
9464
9462
9456
9450
9448
9445
9445
9445
9442
9442
9441
9440
9438
9435
9434
9432
9426
9424
9422
9420
9420
9419
9402
9402
9401
9401
9399
9397
9397
9395
9395
9394
9392
9384
9381
9376
9376
9370
9369
9368
9361
9359
9359
9354
9354
9348
9346
9342
9341
9337
9333
9330
9329
9327
9325
9324
9323
9322
9322
9321
9315
9313
9312
9311
9306
9306
9306
9302
9302
9300
9299
9297
9297
9291
9288
9284
9284
9278
9278
9277
9277
9277
9276
9269
9269
9268
9268
9262
9261
9258
9258
9252
9238
9233
9230
9230
9229
9224
9222
9216
9215
9214
9204
9202
9199
9195
9194
9193
9184
9184
9183
9177
9176
9174
9173
9173
9173
9168
9167
9164
9164
9163
9154
9149
9146
9145
9145
9145
9144
9142
9139
9139
9134
9134
9132
9130
9130
9129
9127
9125
9123
9115
9113
9110
9106
9102
9099
9097
9090
9088
9084
9083
9074
9073
9070
9068
9068
9067
9063
9063
9063
9058
9057
9057
9057
9057
9052
9047
9044
9043
9042
9042
9041
9040
9040
9039
9038
9034
9031
9029
9027
9022
9022
9012
9012
9011
9011
9010
9010
9005
9001
8999
8997
8994
8994
8980
8977
8973
8972
8971
8969
8966
8965
8963
8960
8960
8959
8951
8950
8949
8949
8941
8940
8939
8931
8931
8929
8929
8928
8923
8920
8919
8915
8913
8912
8911
8911
8909
8908
8907
8905
8902
8897
8896
8891
8890
8890
8890
8877
8875
8872
8870
8869
8868
8865
8863
8862
8860
8860
8860
8860
8859
8859
8857
8856
8854
8852
8849
8848
8845
8845
8844
8843
8842
8833
8833
8832
8829
8826
8823
8818
8817
8817
8816
8815
8814
8806
8805
8804
8803
8801
8801
8800
8798
8796
8794
8793
8790
8790
8788
8786
8785
8783
8780
8778
8771
8771
8766
8765
8764
8751
8751
8749
8744
8742
8736
8732
8730
8720
8718
8717
8711
8710
8708
8703
8697
8697
8697
8690
8689
8688
8688
8686
8681
8680
8679
8678
8674
8673
8673
8671
8670
8669
8667
8664
8664
8659
8652
8652
8646
8644
8643
8641
8638
8637
8632
8630
8629
8628
8624
8624
8622
8622
8619
8614
8608
8607
8605
8604
8599
8599
8594
8589
8588
8585
8584
8582
8581
8580
8574
8570
8566
8566
8566
8564
8563
8558
8558
8555
8553
8552
8550
8549
8547
8543
8539
8533
8529
8528
8527
8525
8524
8517
8516
8514
8512
8508
8507
8506
8502
8502
8502
8495
8491
8489
8487
8487
8486
8485
8481
8481
8479
8478
8474
8473
8470
8469
8465
8463
8462
8461
8461
8459
8458
8456
8456
8454
8454
8453
8451
8450
8448
8446
8443
8442
8436
8432
8431
8430
8426
8423
8423
8422
8421
8420
8416
8415
8414
8407
8407
8395
8394
8392
8390
8389
8388
8387
8387
8386
8385
8383
8381
8381
8380
8379
8377
8377
8375
8375
8372
8368
8367
8362
8360
8359
8358
8355
8352
8349
8347
8343
8341
8340
8336
8332
8329
8329
8325
8324
8319
8317
8314
8314
8313
8310
8310
8309
8307
8301
8301
8300
8295
8295
8294
8287
8281
8275
8272
8269
8268
8264
8264
8263
8263
8262
8261
8260
8257
8257
8256
8256
8254
8253
8252
8252
8249
8248
8247
8245
8245
8236
8232
8228
8226
8225
8223
8223
8217
8217
8214
8212
8212
8209
8206
8206
8204
8202
8199
8199
8199
8197
8193
8191
8191
8190
8188
8187
8182
8182
8180
8180
8178
8177
8175
8174
8171
8169
8169
8169
8168
8165
8165
8165
8163
8162
8162
8160
8160
8159
8155
8154
8151
8150
8150
8149
8147
8143
8143
8139
8135
8133
8126
8126
8119
8119
8117
8112
8111
8111
8111
8110
8109
8109
8108
8104
8102
8101
8096
8095
8088
8087
8085
8085
8083
8081
8081
8080
8079
8079
8078
8076
8076
8073
8073
8063
8062
8060
8054
8051
8048
8047
8044
8042
8036
8036
8032
8031
8031
8028
8028
8022
8022
8019
8013
8012
8011
8010
8007
8005
8002
8000
7999
7997
7993
7992
7992
7991
7988
7988
7986
7985
7984
7983
7982
7981
7980
7978
7974
7967
7964
7964
7959
7959
7959
7958
7958
7957
7956
7955
7954
7954
7951
7951
7950
7948
7939
7934
7933
7924
7919
7918
7917
7917
7917
7912
7908
7905
7896
7889
7888
7886
7885
7884
7883
7882
7880
7880
7875
7872
7868
7862
7860
7859
7857
7854
7845
7845
7842
7835
7834
7832
7830
7827
7826
7821
7817
7817
7817
7810
7808
7807
7802
7800
7796
7793
7793
7788
7784
7780
7779
7778
7776
7775
7771
7767
7766
7766
7763
7761
7760
7757
7756
7754
7754
7750
7748
7745
7741
7737
7737
7736
7735
7734
7733
7732
7726
7726
7718
7717
7717
7714
7711
7709
7709
7707
7700
7698
7694
7694
7693
7692
7691
7688
7686
7678
7673
7671
7671
7670
7664
7658
7656
7656
7656
7654
7653
7650
7644
7644
7636
7630
7624
7620
7617
7615
7614
7610
7609
7609
7604
7603
7601
7600
7599
7598
7594
7594
7592
7590
7582
7581
7580
7578
7577
7575
7573
7572
7570
7562
7562
7558
7556
7552
7552
7547
7546
7544
7541
7538
7533
7525
7525
7525
7523
7522
7521
7516
7514
7513
7513
7512
7508
7508
7506
7502
7501
7499
7498
7498
7497
7491
7488
7487
7484
7484
7483
7481
7480
7477
7476
7476
7471
7470
7470
7468
7467
7467
7464
7459
7457
7456
7452
7450
7450
7447
7445
7445
7442
7436
7435
7430
7428
7425
7423
7423
7420
7419
7416
7415
7414
7411
7409
7408
7406
7404
7404
7403
7403
7401
7399
7399
7395
7395
7395
7392
7390
7385
7383
7382
7378
7378
7377
7376
7368
7367
7363
7363
7361
7360
7355
7355
7353
7349
7347
7345
7345
7343
7341
7338
7333
7332
7331
7330
7326
7323
7319
7319
7317
7317
7314
7311
7307
7302
7301
7301
7295
7290
7287
7285
7279
7275
7272
7271
7268
7267
7266
7266
7266
7264
7264
7263
7258
7256
7255
7249
7246
7241
7238
7234
7230
7230
7224
7223
7220
7214
7214
7213
7211
7210
7206
7201
7199
7199
7197
7185
7184
7183
7182
7181
7179
7179
7175
7174
7174
7172
7171
7169
7168
7162
7160
7154
7149
7144
7136
7130
7129
7128
7126
7124
7121
7121
7115
7112
7111
7110
7104
7103
7098
7096
7093
7092
7087
7086
7085
7085
7085
7084
7078
7077
7073
7067
7066
7066
7064
7064
7063
7063
7063
7062
7059
7050
7049
7042
7041
7040
7038
7032
7029
7029
7029
7027
7025
7025
7021
7021
7016
7009
7004
7003
7003
6992
6989
6987
6984
6983
6978
6977
6977
6970
6969
6964
6962
6960
6960
6960
6960
6958
6955
6949
6947
6945
6943
6942
6938
6929
6929
6929
6927
6921
6920
6919
6918
6917
6916
6911
6911
6910
6909
6909
6904
6902
6902
6899
6896
6894
6893
6892
6887
6878
6875
6874
6869
6865
6864
6860
6854
6853
6850
6848
6847
6846
6839
6838
6832
6831
6827
6825
6822
6822
6818
6818
6817
6813
6809
6808
6804
6804
6803
6801
6800
6794
6793
6789
6787
6783
6782
6776
6771
6763
6755
6754
6752
6751
6749
6744
6742
6741
6738
6738
6729
6726
6723
6722
6717
6717
6714
6709
6707
6701
6697
6691
6691
6689
6688
6685
6680
6678
6678
6671
6671
6665
6663
6660
6656
6654
6652
6652
6650
6647
6646
6643
6641
6639
6637
6630
6630
6628
6626
6625
6623
6623
6620
6614
6610
6606
6604
6603
6601
6601
6601
6601
6599
6597
6597
6597
6594
6593
6587
6585
6584
6583
6583
6579
6575
6575
6572
6569
6567
6566
6562
6561
6561
6553
6553
6551
6550
6546
6546
6545
6544
6543
6541
6540
6540
6538
6536
6536
6535
6519
6516
6515
6514
6514
6513
6511
6510
6510
6510
6508
6505
6500
6496
6495
6494
6489
6486
6478
6477
6476
6474
6472
6471
6470
6468
6467
6458
6457
6455
6449
6448
6447
6443
6441
6436
6436
6435
6435
6431
6430
6428
6418
6417
6416
6416
6415
6414
6413
6413
6408
6407
6405
6404
6403
6398
6397
6395
6395
6395
6386
6385
6380
6380
6379
6378
6377
6375
6372
6366
6358
6357
6357
6357
6356
6352
6352
6351
6351
6349
6349
6348
6345
6343
6342
6341
6341
6331
6330
6328
6327
6327
6325
6320
6320
6314
6311
6307
6306
6306
6306
6302
6301
6298
6294
6294
6292
6292
6290
6287
6286
6283
6283
6279
6278
6278
6272
6267
6267
6262
6262
6260
6259
6258
6257
6255
6254
6253
6253
6252
6248
6244
6242
6236
6234
6233
6231
6231
6228
6228
6225
6225
6224
6222
6221
6219
6210
6207
6207
6202
6200
6197
6194
6191
6188
6186
6177
6166
6164
6160
6159
6155
6153
6150
6149
6145
6145
6143
6142
6141
6137
6131
6129
6127
6127
6124
6123
6122
6121
6118
6116
6115
6112
6111
6110
6109
6108
6108
6100
6099
6099
6099
6097
6095
6093
6090
6089
6089
6085
6084
6083
6075
6075
6074
6074
6073
6071
6070
6069
6067
6066
6066
6065
6064
6060
6058
6055
6054
6044
6040
6039
6038
6038
6037
6035
6033
6022
6021
6021
6020
6019
6018
6015
6013
6010
6010
6010
6010
6009
6007
6000
6000
6000
6000
5999
5999
5985
5984
5980
5978
5972
5972
5971
5970
5967
5966
5965
5962
5961
5957
5956
5954
5940
5936
5935
5934
5933
5931
5931
5926
5923
5920
5919
5919
5918
5916
5914
5914
5912
5908
5905
5905
5902
5901
5901
5900
5895
5890
5887
5879
5878
5878
5872
5870
5867
5866
5866
5866
5865
5864
5864
5862
5862
5862
5857
5855
5853
5851
5849
5844
5842
5835
5835
5831
5831
5828
5826
5821
5817
5817
5816
5816
5809
5806
5805
5805
5804
5803
5800
5799
5798
5796
5796
5795
5791
5789
5784
5782
5777
5776
5776
5772
5768
5767
5767
5767
5765
5763
5762
5761
5760
5753
5753
5752
5744
5743
5740
5738
5737
5735
5735
5731
5728
5728
5727
5726
5726
5722
5717
5716
5714
5712
5712
5711
5711
5710
5709
5707
5707
5703
5702
5701
5698
5697
5694
5693
5693
5693
5689
5688
5688
5688
5688
5688
5684
5683
5681
5680
5677
5673
5671
5667
5664
5664
5652
5651
5648
5643
5643
5641
5632
5631
5630
5628
5622
5620
5620
5620
5616
5607
5600
5599
5598
5596
5595
5591
5586
5586
5583
5582
5578
5578
5578
5577
5577
5574
5573
5573
5572
5570
5569
5569
5568
5568
5561
5560
5557
5557
5557
5557
5556
5553
5546
5544
5543
5538
5537
5537
5535
5534
5531
5527
5519
5518
5513
5510
5510
5509
5507
5505
5495
5495
5492
5492
5492
5487
5485
5485
5480
5473
5469
5468
5467
5467
5460
5454
5451
5446
5444
5444
5443
5441
5439
5437
5430
5429
5427
5425
5424
5423
5421
5420
5420
5415
5415
5412
5411
5397
5396
5395
5388
5387
5385
5383
5381
5380
5379
5376
5371
5368
5367
5365
5362
5362
5359
5355
5352
5351
5346
5342
5341
5338
5336
5334
5334
5333
5332
5331
5331
5329
5327
5327
5325
5324
5317
5317
5316
5315
5314
5314
5314
5313
5313
5311
5309
5309
5308
5307
5304
5301
5299
5293
5292
5290
5288
5283
5277
5277
5271
5271
5270
5267
5265
5263
5259
5259
5257
5256
5253
5251
5251
5250
5250
5248
5247
5239
5235
5231
5231
5230
5226
5223
5221
5220
5219
5215
5215
5211
5210
5208
5206
5205
5205
5205
5202
5202
5201
5199
5197
5196
5194
5194
5187
5182
5181
5181
5176
5165
5158
5158
5156
5150
5147
5138
5137
5137
5136
5135
5133
5131
5130
5126
5125
5124
5121
5120
5118
5117
5117
5113
5110
5107
5105
5102
5097
5096
5095
5095
5094
5088
5087
5084
5082
5078
5076
5071
5069
5067
5064
5061
5061
5060
5058
5057
5056
5056
5055
5053
5052
5051
5049
5049
5047
5041
5040
5039
5035
5033
5033
5026
5024
5024
5023
5022
5019
5018
5014
5012
5011
5007
4993
4992
4989
4987
4987
4984
4982
4982
4980
4978
4975
4973
4972
4967
4964
4960
4958
4956
4953
4952
4950
4948
4946
4944
4942
4941
4932
4930
4928
4925
4918
4917
4914
4914
4913
4908
4907
4906
4905
4904
4903
4902
4898
4897
4889
4888
4885
4879
4879
4875
4870
4869
4868
4868
4866
4861
4855
4850
4849
4848
4846
4844
4843
4840
4838
4835
4830
4828
4826
4824
4824
4824
4823
4822
4819
4815
4811
4811
4809
4805
4803
4801
4797
4791
4784
4784
4784
4783
4775
4774
4774
4774
4771
4759
4756
4756
4755
4753
4751
4748
4748
4747
4745
4745
4739
4736
4735
4734
4732
4730
4723
4720
4720
4719
4718
4714
4711
4710
4709
4709
4708
4704
4704
4703
4703
4701
4696
4690
4685
4683
4683
4680
4679
4675
4670
4669
4668
4667
4665
4664
4657
4656
4655
4653
4652
4651
4651
4649
4645
4642
4631
4622
4620
4612
4611
4610
4608
4607
4603
4603
4601
4600
4599
4598
4598
4596
4592
4585
4585
4582
4582
4580
4576
4573
4572
4571
4570
4568
4564
4560
4556
4555
4554
4549
4531
4530
4529
4523
4522
4522
4522
4514
4513
4509
4507
4505
4504
4503
4501
4501
4500
4499
4496
4496
4494
4490
4486
4485
4479
4479
4478
4477
4472
4469
4467
4465
4464
4462
4460
4456
4449
4449
4442
4441
4441
4440
4439
4435
4435
4430
4429
4427
4425
4423
4423
4421
4421
4417
4416
4411
4410
4407
4405
4399
4391
4389
4387
4385
4379
4376
4375
4372
4370
4368
4367
4367
4364
4363
4363
4362
4362
4361
4361
4358
4354
4354
4352
4349
4347
4342
4341
4339
4338
4337
4332
4329
4325
4325
4324
4323
4322
4320
4319
4313
4313
4310
4306
4305
4305
4302
4302
4297
4296
4294
4291
4291
4282
4277
4266
4264
4263
4262
4259
4258
4255
4255
4254
4254
4252
4243
4242
4241
4236
4233
4232
4230
4227
4226
4226
4222
4221
4221
4220
4219
4217
4214
4214
4213
4213
4212
4210
4208
4206
4205
4204
4200
4200
4197
4196
4196
4185
4185
4185
4182
4179
4177
4173
4171
4171
4169
4163
4161
4160
4158
4154
4152
4151
4147
4147
4147
4147
4144
4143
4143
4142
4141
4140
4140
4139
4139
4134
4134
4130
4127
4125
4125
4123
4116
4115
4111
4102
4101
4099
4098
4097
4096
4093
4080
4080
4067
4060
4059
4058
4054
4054
4046
4045
4037
4036
4034
4032
4029
4025
4023
4023
4021
4020
4020
4014
4012
4012
4012
4009
4007
4004
4001
3998
3995
3992
3992
3991
3986
3985
3984
3983
3983
3982
3981
3972
3972
3971
3970
3959
3957
3956
3951
3950
3949
3946
3946
3945
3941
3940
3939
3938
3936
3936
3934
3933
3932
3932
3931
3930
3929
3929
3928
3928
3927
3927
3927
3925
3924
3921
3919
3917
3914
3909
3909
3909
3906
3906
3904
3903
3903
3901
3898
3885
3883
3881
3874
3872
3870
3869
3868
3867
3864
3856
3855
3854
3852
3848
3845
3842
3839
3837
3836
3833
3830
3828
3828
3815
3815
3809
3807
3801
3801
3796
3794
3790
3783
3782
3778
3776
3772
3771
3770
3769
3768
3768
3766
3765
3765
3761
3761
3758
3758
3757
3751
3746
3746
3745
3744
3741
3738
3738
3737
3735
3733
3723
3721
3721
3719
3717
3716
3715
3714
3714
3712
3710
3703
3703
3699
3696
3695
3695
3695
3693
3693
3689
3688
3681
3679
3675
3673
3673
3669
3666
3665
3665
3663
3660
3660
3658
3652
3648
3644
3643
3642
3642
3641
3640
3637
3633
3626
3625
3620
3620
3616
3611
3610
3609
3609
3607
3601
3601
3597
3597
3595
3591
3590
3583
3580
3578
3577
3576
3574
3574
3573
3570
3569
3566
3560
3559
3558
3556
3555
3554
3553
3549
3549
3549
3545
3541
3540
3540
3535
3535
3533
3529
3520
3520
3519
3518
3514
3513
3511
3510
3509
3506
3505
3501
3498
3498
3493
3491
3485
3479
3472
3469
3469
3468
3468
3468
3468
3457
3451
3451
3449
3448
3445
3445
3437
3435
3434
3433
3433
3429
3429
3429
3428
3425
3422
3421
3419
3415
3415
3415
3413
3412
3408
3401
3400
3400
3398
3395
3391
3388
3387
3387
3387
3384
3380
3378
3377
3375
3372
3371
3371
3369
3368
3367
3365
3365
3353
3353
3351
3348
3347
3347
3345
3334
3331
3329
3327
3327
3326
3323
3323
3321
3321
3319
3316
3316
3316
3315
3315
3311
3309
3307
3307
3304
3303
3303
3301
3300
3296
3295
3290
3289
3289
3288
3285
3282
3280
3278
3277
3270
3269
3266
3263
3263
3254
3252
3251
3246
3245
3240
3239
3238
3234
3232
3230
3230
3229
3228
3226
3221
3217
3217
3216
3215
3214
3211
3209
3208
3206
3205
3205
3205
3204
3203
3200
3198
3193
3188
3184
3184
3182
3179
3178
3176
3174
3174
3172
3172
3171
3170
3168
3168
3167
3166
3166
3164
3164
3160
3160
3158
3155
3153
3152
3146
3143
3139
3134
3133
3133
3128
3124
3123
3123
3123
3121
3120
3117
3117
3112
3106
3104
3103
3101
3098
3096
3095
3090
3087
3086
3085
3084
3083
3079
3079
3075
3072
3072
3070
3066
3064
3064
3063
3060
3060
3058
3058
3055
3053
3052
3049
3044
3040
3034
3033
3030
3028
3025
3024
3021
3017
3016
3015
3009
3006
3005
3003
3003
3001
3001
3000
2996
2996
2991
2991
2990
2986
2986
2983
2983
2983
2982
2979
2974
2974
2971
2970
2969
2967
2966
2966
2965
2965
2964
2963
2960
2959
2955
2955
2950
2950
2950
2938
2937
2937
2934
2933
2932
2931
2929
2929
2927
2927
2927
2925
2922
2919
2918
2916
2916
2916
2910
2906
2905
2905
2902
2899
2898
2892
2892
2891
2891
2890
2887
2883
2883
2882
2881
2875
2874
2870
2867
2862
2861
2861
2859
2858
2856
2855
2851
2846
2843
2842
2836
2835
2834
2832
2830
2827
2825
2825
2820
2818
2815
2815
2814
2814
2808
2797
2797
2794
2792
2792
2787
2787
2783
2778
2778
2778
2778
2776
2773
2771
2769
2763
2760
2760
2759
2759
2759
2756
2752
2750
2749
2744
2739
2739
2730
2729
2725
2721
2721
2721
2720
2716
2714
2712
2706
2704
2703
2698
2698
2698
2693
2687
2685
2681
2679
2678
2677
2677
2672
2667
2667
2665
2664
2662
2659
2657
2651
2648
2642
2641
2640
2640
2634
2626
2625
2622
2621
2615
2610
2609
2608
2608
2589
2587
2586
2583
2579
2578
2578
2571
2568
2563
2563
2562
2561
2559
2556
2556
2555
2552
2548
2544
2538
2537
2534
2532
2531
2529
2525
2524
2524
2523
2523
2519
2513
2512
2511
2508
2508
2507
2507
2505
2505
2503
2503
2501
2501
2500
2497
2497
2495
2494
2493
2491
2489
2488
2486
2486
2484
2482
2480
2479
2472
2466
2465
2464
2463
2461
2454
2452
2452
2450
2450
2450
2440
2439
2439
2435
2434
2433
2433
2432
2431
2429
2428
2428
2427
2425
2422
2414
2413
2410
2403
2403
2398
2395
2395
2386
2384
2384
2380
2380
2380
2366
2362
2361
2361
2359
2357
2357
2354
2351
2351
2349
2348
2347
2347
2345
2344
2342
2340
2339
2338
2338
2336
2332
2330
2329
2328
2326
2326
2326
2321
2316
2315
2312
2312
2308
2307
2303
2299
2294
2289
2289
2278
2275
2275
2275
2274
2264
2261
2259
2259
2258
2256
2254
2254
2243
2242
2242
2239
2234
2232
2230
2229
2228
2224
2212
2212
2210
2210
2210
2208
2207
2206
2200
2199
2196
2196
2194
2184
2184
2180
2177
2176
2172
2167
2163
2150
2150
2147
2146
2143
2142
2141
2138
2138
2135
2134
2131
2131
2131
2125
2125
2124
2124
2124
2115
2114
2113
2112
2112
2109
2104
2102
2099
2098
2096
2091
2090
2089
2087
2084
2082
2082
2081
2081
2078
2076
2071
2070
2066
2065
2063
2062
2062
2060
2053
2048
2048
2045
2041
2035
2027
2026
2011
2005
1996
1994
1990
1988
1987
1986
1983
1982
1981
1980
1979
1978
1975
1974
1973
1973
1970
1968
1965
1962
1954
1953
1953
1951
1949
1946
1944
1939
1938
1934
1932
1930
1929
1924
1921
1920
1916
1912
1906
1904
1903
1903
1903
1893
1891
1886
1884
1884
1884
1884
1879
1874
1871
1870
1865
1860
1860
1859
1858
1847
1845
1844
1842
1842
1840
1839
1838
1837
1829
1827
1823
1817
1817
1815
1814
1812
1810
1808
1808
1804
1804
1804
1802
1797
1792
1786
1783
1780
1778
1778
1773
1771
1769
1764
1764
1764
1762
1761
1759
1758
1754
1751
1751
1750
1749
1742
1742
1740
1738
1738
1737
1735
1733
1733
1733
1732
1729
1727
1719
1718
1712
1711
1709
1703
1702
1701
1700
1695
1695
1695
1693
1692
1692
1692
1689
1687
1686
1686
1686
1679
1677
1675
1674
1673
1671
1670
1666
1664
1661
1657
1655
1654
1649
1647
1647
1645
1644
1643
1639
1637
1636
1635
1629
1627
1622
1621
1612
1609
1608
1607
1604
1602
1599
1596
1594
1593
1593
1593
1587
1587
1585
1584
1580
1578
1577
1575
1575
1574
1574
1569
1565
1564
1564
1560
1557
1557
1556
1555
1554
1549
1545
1544
1544
1543
1540
1537
1537
1536
1532
1532
1532
1532
1531
1530
1530
1522
1518
1518
1517
1516
1516
1515
1511
1507
1506
1497
1494
1489
1482
1482
1481
1476
1474
1474
1464
1464
1462
1462
1460
1459
1458
1453
1453
1453
1451
1449
1448
1448
1447
1446
1445
1444
1440
1437
1435
1430
1430
1430
1428
1424
1423
1423
1422
1417
1415
1413
1410
1409
1407
1406
1405
1402
1399
1391
1390
1387
1385
1383
1383
1380
1379
1379
1377
1376
1375
1374
1370
1366
1364
1362
1355
1351
1348
1347
1345
1342
1340
1339
1338
1338
1337
1335
1333
1332
1324
1324
1323
1312
1307
1304
1302
1301
1289
1282
1281
1281
1279
1277
1275
1274
1274
1273
1269
1267
1267
1266
1264
1264
1261
1256
1250
1248
1242
1241
1241
1234
1231
1228
1223
1222
1222
1221
1219
1215
1214
1213
1212
1206
1204
1204
1202
1202
1193
1192
1189
1188
1183
1183
1182
1179
1178
1173
1172
1170
1170
1170
1168
1160
1158
1157
1150
1139
1133
1129
1128
1128
1125
1124
1117
1116
1114
1106
1101
1088
1088
1087
1086
1085
1084
1082
1078
1076
1075
1074
1070
1070
1070
1069
1067
1066
1064
1061
1061
1057
1053
1047
1045
1045
1041
1039
1034
1033
1032
1032
1028
1026
1021
1020
1020
1019
1019
1018
1009
1009
1008
1006
1006
1003
1003
1003
997
991
988
987
986
986
985
983
982
976
972
972
971
966
966
962
962
959
956
956
955
950
950
950
947
946
944
944
942
941
939
939
938
938
936
934
934
929
928
928
924
917
914
912
911
910
907
896
890
889
883
880
879
878
869
867
867
866
858
857
854
854
849
849
845
842
842
841
836
834
830
824
823
822
822
818
818
813
811
811
809
808
805
805
802
802
800
798
796
796
795
794
793
791
790
787
785
784
779
778
775
775
775
774
771
767
767
766
765
765
764
763
762
759
757
754
754
753
749
748
746
745
743
739
737
737
736
736
735
735
729
728
727
721
718
717
711
708
705
703
703
700
700
699
697
697
694
693
693
692
686
685
684
684
680
680
679
677
675
664
663
659
658
657
657
657
656
652
635
633
632
620
617
616
612
611
610
607
607
606
602
600
596
591
586
584
583
577
573
573
571
571
565
561
557
554
547
547
546
543
543
538
532
532
531
526
524
523
522
521
520
520
518
509
509
507
499
496
495
493
492
491
491
491
491
489
487
486
483
483
482
481
480
479
477
475
473
471
471
469
465
457
451
450
449
448
447
444
443
441
440
440
437
435
435
433
433
432
431
430
429
426
424
422
422
421
420
416
416
415
414
404
397
391
388
387
382
376
376
375
375
372
372
371
371
370
365
365
364
361
358
357
357
355
355
353
352
350
347
347
341
338
338
336
329
324
316
315
307
306
305
303
301
298
298
298
294
292
290
289
288
286
284
283
277
277
277
275
274
273
267
259
257
252
249
246
246
244
243
240
238
238
237
232
232
231
229
228
227
225
223
222
220
209
209
208
206
205
205
204
202
201
198
197
186
184
172
171
168
166
163
161
157
150
145
143
143
143
139
137
135
134
132
132
131
130
126
126
125
124
122
120
120
116
108
106
106
105
103
93
91
91
87
85
82
81
79
79
76
74
72
70
68
68
63
61
59
56
54
52
52
51
49
48
44
43
39
38
37
32
31
28
26
25
25
18
15
12
9
5
5
5
1
0
