14000
23614
6436
18158
18065
18778
9689
25594
26666
13205
20047
14434
30678
31519
15433
10217
26401
13537
13406
6875
6899
6320
7003
32230
15381
8135
27363
29738
28913
26484
22872
28563
25753
11281
14591
9063
16139
28726
21086
1307
29364
9261
15849
20331
818
24998
222
15274
10590
4012
29038
25942
30858
728
9757
3055
26887
28101
29803
9993
27627
13763
17076
161
27664
32720
12629
18861
24672
2500
24336
23798
21328
9163
19634
9258
939
24088
9202
21293
657
16088
26013
28081
29375
5221
17136
19206
19729
14269
9797
3123
20036
21298
12019
14405
29185
355
9327
29415
7959
22634
9399
307
26889
13655
4592
4296
2760
23518
845
29981
32449
15948
15668
20245
22554
447
29852
21203
16697
4759
25018
8143
17287
23848
26076
24361
15475
32433
18581
7230
9145
658
20506
2938
1764
32697
14572
13165
24081
10846
20663
11296
7671
11760
14458
26793
11044
25423
4585
16125
4745
14139
7184
8710
11065
21773
824
16885
1390
27044
26638
1754
19149
4771
25090
6513
29675
19930
238
28223
30479
32001
4600
1758
21562
20908
11193
23958
8804
13691
17823
12077
521
657
24207
5887
6372
8264
30415
12625
31483
22563
24868
14306
9435
30469
12087
19651
27429
3744
15677
26473
841
27439
8407
6145
2450
4456
32567
5379
10339
22700
3717
18186
17600
30082
18049
18147
21519
2115
1129
483
16160
1047
9757
30846
30316
543
24705
19222
7066
21748
21795
2321
25672
28753
11038
30254
6663
30988
12094
14873
23463
4427
16228
11837
950
13556
1324
15833
22595
14949
17358
3158
26599
19302
15682
21976
14343
27227
29352
15891
10323
22463
17382
352
12178
27597
12947
15375
21922
14464
19476
15359
3770
1982
32516
4205
23539
2512
24538
19466
21767
18454
8389
11600
32600
12281
16603
8469
5684
18976
13939
21345
10327
29159
6351
17021
11953
8461
3327
2124
106
9132
31233
19934
18468
18543
18477
7491
24192
24831
12241
1437
11747
9918
23320
17785
890
22456
24368
28512
29051
8151
20651
15528
9902
8790
30502
656
24365
14199
25641
32141
21096
12921
29007
26334
17003
17348
27047
2150
4196
19304
25177
17083
31327
12229
1677
14715
26197
3211
23176
6623
24165
19942
14872
12178
8801
3058
5683
15299
29324
14965
13787
17017
30626
205
32324
16934
27673
20007
1593
2432
27303
32242
30908
8076
1540
8340
2797
29179
3569
15451
2349
15802
9593
6838
16258
26053
3703
30117
16701
11324
20056
6510
21467
440
4130
20114
298
24287
26549
8191
5293
23606
23122
20871
2112
31799
20569
6801
9215
23460
21591
30990
21861
15386
17215
12463
433
7401
20984
19029
22414
22051
3096
10186
25586
27123
12272
32686
28231
48
3016
21940
24521
16434
16491
17166
14895
31973
3303
8997
24973
26395
1934
30862
15737
14887
26688
7737
30061
5799
18413
6380
19564
32673
31061
7408
24552
11730
24338
7179
19940
11586
25305
28590
1622
31004
29181
29550
19407
2493
9012
9144
10077
2315
27038
5313
21425
8456
30979
21949
25469
6311
16221
5201
10016
13022
6038
5194
5509
1020
6546
20367
15432
12605
11120
21076
31515
20123
14349
10129
3689
20200
11978
27059
11577
14874
12432
19345
15956
7654
3601
11681
26794
27792
31568
4972
754
15873
7267
3391
9873
10010
20343
27172
27069
6984
22550
17936
1250
3160
20389
18526
26436
15501
32561
9852
32487
30448
1643
16101
14252
8680
29680
24655
30140
24586
13006
4389
3881
13106
28996
27447
2259
21971
25802
24497
6793
16011
3921
30537
15985
507
27084
25277
20394
1749
6127
28541
31791
16438
2359
13476
3583
25143
11050
3117
20347
17599
4320
11364
3855
26779
13250
30106
1556
21200
12690
18461
9973
12847
11180
30312
5777
811
11147
10134
21729
9704
12430
15901
22747
6804
19196
5816
9110
22522
26695
13221
3758
28756
13453
10257
23018
30817
13668
22481
15388
25784
471
24402
31561
20828
15276
14291
20490
26512
11753
27601
6194
21997
13462
28611
7345
3761
20931
29448
28345
16474
5069
15646
8223
15476
12510
27412
23299
16559
31667
8514
7347
22068
5538
1335
6093
15161
475
5107
420
2771
32238
10327
20197
5900
17293
17881
9083
10550
6035
31612
31151
7295
19014
29440
17556
1733
3289
85
4514
25515
16438
17750
28065
30188
8442
15796
4297
21231
29888
18224
5671
19612
7330
31246
16962
11631
12541
26054
7423
31434
2677
1532
25282
12688
23609
946
4310
12527
17288
5821
4367
18301
28789
7029
18605
5767
19431
12465
3716
16293
16099
29171
19546
4242
32526
8671
20369
8507
1133
22770
3334
6166
3184
3184
23608
2229
20015
414
28077
8347
17395
306
145
5710
11768
24328
7073
3758
12913
10774
19783
27780
16077
6306
14086
15966
3641
1202
26649
16027
31078
3269
19287
6594
29580
11456
11354
28440
22703
25387
6112
16241
28961
13981
7025
15942
20040
12149
10307
14600
25761
6603
7514
2228
1797
9127
15603
16808
10027
11120
4387
5557
32623
21159
956
7285
2513
10453
11632
30174
26689
705
8249
31512
8730
20967
12536
29068
23276
4134
1116
29758
26238
5049
25349
1884
24083
24424
6377
2583
6893
17151
25591
31409
14864
24576
13819
16599
3400
26261
19906
29234
7533
7880
27518
17721
8678
4598
9323
9801
4460
26753
6579
8951
12304
20422
5776
8101
16000
31823
22960
2899
11910
7241
3549
1464
209
20024
13789
11153
12280
28649
3991
32058
19644
22952
12920
4987
12174
22964
27925
5796
25425
1008
9746
11228
11616
10715
17474
19638
22227
3778
25103
15621
6910
11317
20509
4850
24379
6839
11050
1355
6122
29369
2361
29726
32437
14794
495
24455
32281
12296
5693
16582
30241
4570
15167
31124
15989
8673
3172
19896
2452
3883
26832
6869
3422
2986
32766
17030
5333
9957
4522
31404
24356
16622
25838
30727
28641
10644
15019
9988
13455
16345
16170
26326
9063
9639
16131
31432
14168
23486
9022
9682
27980
23025
30905
9322
9901
30610
1737
30876
5415
14379
14628
15453
5040
20590
24831
28189
4294
30575
4467
27547
28152
22545
6949
3837
30888
14014
27430
8736
24591
8028
20760
7213
19586
12156
28819
23917
31731
20692
25031
23902
1978
30703
17762
32518
14230
15139
20404
32647
1518
21956
3856
13044
14685
27543
29046
867
14190
8329
19824
26179
29860
22689
29242
15344
9662
13364
805
19845
5688
7256
8765
23794
18453
29594
11818
31566
16604
16116
5972
6510
10209
23289
4171
1718
6597
4435
7525
21039
21824
8815
18345
16858
9502
6007
30443
21572
11144
28801
14137
91
29317
774
28022
10112
26049
7317
16197
28125
6540
15816
12841
27897
805
376
17898
29833
1593
1069
3642
19850
31655
24536
3992
13196
5510
4037
25461
30801
17513
20683
26517
1430
481
20934
31929
12593
9284
18503
6267
5980
8109
15753
11897
28497
22596
10151
13493
3607
27072
8973
18236
2971
2090
24620
12038
15874
24035
6515
20510
32574
2792
9594
17154
28895
10581
31104
7501
12844
31528
12311
11667
15475
9544
26654
11917
22941
7110
4080
13686
26885
9058
28891
24500
26251
3153
3796
955
26596
2621
12392
26927
1076
19854
8950
19528
23006
16872
3868
12411
9882
5620
29039
18007
9673
28772
2927
26797
10502
30257
24762
29939
7934
1575
5247
746
31873
19876
15158
16255
15321
6813
29838
28399
26202
3809
24999
23087
23610
6306
19330
11147
20131
21553
3510
32397
8199
15113
6500
10016
7860
17423
9324
29685
19880
22808
22753
28710
12198
17836
6331
26650
18569
778
10700
13736
18649
1387
24054
6015
6044
28299
2970
6085
11886
18790
27219
17918
31700
13119
10213
18480
16334
5607
18800
1860
5803
22332
11498
31408
9761
8688
16075
22355
8349
11148
14346
9632
4824
7092
30793
767
12203
30892
20557
4720
3620
15643
20656
24690
3545
31503
28890
15907
21884
12354
8749
22440
8112
12188
9088
2511
18971
17400
10447
15091
23229
28715
11056
15137
28544
28738
29961
28536
19472
24588
16001
19670
31212
10969
28212
26033
11966
10368
21035
3906
27880
2983
25867
25065
4703
1342
29580
6349
18876
16717
13869
5315
4496
8432
13095
1649
19960
21919
31903
947
6258
16819
7967
3133
16879
16934
21575
16770
15146
17819
19904
21973
22327
21662
11378
30414
7263
28460
30711
14064
5931
25462
10831
14984
25535
482
9173
11224
24937
21075
7025
14965
17530
11946
24336
10734
31317
26253
30801
13230
5061
20583
2433
16420
10644
27567
30410
15137
28505
30830
12199
1921
26769
10235
11419
22029
29681
19209
29987
25504
8443
8420
16873
25225
976
11256
3898
4913
31557
12179
13242
20478
7480
15084
20311
4214
15653
25955
9851
10152
16628
8202
15750
16839
14357
16485
18555
25881
26831
10350
17145
31247
18389
12252
17518
7862
3611
12965
25735
18766
24807
26818
17387
32311
16427
27442
3368
7445
12050
2625
493
2348
19161
22794
26747
12556
17376
4667
27990
14707
27905
14872
19776
20335
21792
8643
23399
26051
7939
12218
14302
24972
2916
4513
19018
31268
26949
15170
21726
20551
24708
22226
13193
116
19119
2677
7021
13462
3609
14085
28308
30948
12078
5135
30686
22534
3075
19743
9022
633
30258
1086
1574
1332
7908
23992
19520
21388
2351
31011
23647
10325
30371
31644
18869
586
543
3924
25926
16303
23785
31820
924
7476
25086
15964
19133
7197
29607
15482
7258
5024
22349
1337
28745
29070
910
13456
13110
28214
5265
26333
32149
14215
23190
23849
14042
22388
14033
13998
30957
22941
14968
25494
18392
29739
15387
13574
29123
14331
22324
11867
11043
3072
2559
31668
15150
30690
25995
12720
19602
491
1041
14969
13926
9252
14726
5121
20833
7355
12908
17291
11594
7592
29933
8814
15023
8080
30762
26645
15578
23530
17873
5451
6145
12896
23021
9397
20413
32120
13571
9376
18877
6771
21594
7678
10428
10358
1178
27818
21424
17127
17049
27892
32069
15130
7793
8793
16265
5421
21718
15250
8169
19504
4774
6097
3932
8585
5826
12615
15070
31639
9757
4329
16416
6038
1554
12148
6782
4803
28923
26542
23601
3776
14591
24047
1990
30009
3371
225
7630
7880
5316
1924
13016
24854
21724
4213
8604
18500
5156
18031
11641
32649
12545
11794
10530
11548
7650
227
30100
17748
30672
14741
27979
6413
27463
13703
4021
9039
23364
3981
231
23082
32415
6131
12687
1764
26523
3519
17193
26967
10684
32055
31862
10900
4568
26531
25130
25292
9329
6228
18405
13937
22082
19173
28005
20120
13080
1729
31738
12450
26339
21477
30778
14619
23821
11496
31733
15842
27146
21048
19564
7050
13105
25254
8381
12801
18634
23845
11426
5231
9832
28622
17243
28769
3449
14376
9961
28711
28187
22695
22397
7290
21041
1906
30512
355
32438
31337
5620
6744
16210
21607
31179
18855
4139
30660
14135
24344
6654
25119
11761
29133
13422
30042
15837
4462
25244
20965
18494
4739
32247
9792
20775
31265
854
6075
21810
19657
13892
10369
10099
17549
3738
16084
27567
12916
9300
12698
202
3872
3485
32281
28543
32430
25388
2815
12628
19422
24275
7333
25548
7796
18517
24212
15326
28894
9337
9801
19878
2326
23132
21301
31835
30922
17163
28680
9857
26811
22353
31023
25183
13155
28622
27803
24244
4826
19273
1733
15270
26106
20296
20719
28667
20674
14045
25772
3723
15352
9154
2210
32757
30738
17832
2703
1170
1879
3021
31370
4775
21314
5325
11148
25823
20775
20666
7470
19704
23064
2414
12980
7868
14858
17696
23371
18227
14900
14134
3983
25623
10936
13146
18512
28552
12165
22224
21142
21505
21628
23559
9442
31883
11474
19566
6583
13616
437
1160
13145
28595
21554
15939
19669
16510
13910
5510
23617
10204
16275
15113
10821
31592
8294
18793
8923
966
6455
28796
9042
8848
22657
27362
27033
5267
1074
29148
2234
9276
29269
9057
1701
24653
21742
3695
1839
10964
23845
22944
10330
13406
6567
14333
29655
14184
5194
8214
2505
2070
29424
31059
26828
19496
8109
13189
30518
28457
15404
31936
12701
9961
25678
2413
8857
7214
1045
8859
1994
2983
17601
28310
18461
29473
21816
10171
8012
7933
4523
13706
8868
11234
20087
23549
779
20655
19017
29976
12353
1204
2950
26818
16742
22049
11498
22227
18109
1214
23919
10094
26799
13533
6000
30097
30739
20110
21262
2026
21420
23825
14291
19437
18163
657
4501
1827
17943
21519
3229
12997
11075
12700
32009
13705
22815
28363
13679
28604
26265
24422
12483
19857
14309
7264
4987
21433
10434
5387
18416
23091
11264
16523
14856
26982
1087
907
30226
28013
31225
7726
12017
13234
12995
13896
28541
26302
3535
20943
31526
31823
10678
21900
8667
18859
30580
23574
2858
12853
32436
30977
15528
9278
14159
15443
24467
22557
7183
2615
2486
1410
23224
6902
3469
775
17737
14114
5546
1032
26751
1045
3927
26805
27547
29850
10365
21605
7525
12777
25796
32302
21105
4313
3580
28594
30881
26449
956
9787
1003
22015
11848
18955
6236
23117
6328
28653
5469
15505
30295
6416
26166
11908
5962
25877
15312
11766
4210
10855
5055
32704
6803
26827
12415
22265
27829
19000
26366
31853
5578
9704
25947
2634
6546
14767
22254
4125
21692
3468
2440
13053
27726
13694
30716
7686
19526
26008
24030
22282
31105
3160
14474
19330
15069
26421
22888
10699
23963
17783
28015
23183
6407
27979
7656
11905
21850
22295
11893
5197
23007
13067
15441
27342
9813
27897
729
17282
31637
8806
18764
10556
22388
16097
24015
16153
26603
12947
16820
19381
14709
30488
27387
1183
9401
22157
16153
11786
16233
10474
11001
25285
21610
31634
31809
6253
10037
22313
24534
13281
1661
6054
10658
16886
29202
2729
18837
10348
22533
18446
4585
25377
11533
30914
12971
8581
25641
32725
3703
22606
2439
14801
19587
7021
1189
17995
19422
21568
17846
4023
23546
10249
25159
1409
24169
8863
25890
15449
13796
31075
21874
26830
9873
31350
14633
26654
2950
31785
5791
19276
1417
24757
14715
6260
1817
557
16087
13916
25011
6832
11423
13899
14414
31971
6202
28702
31528
12446
8301
9368
20676
18406
15996
6650
4147
28
12946
26323
12436
883
3938
24346
20951
24232
10511
22394
17094
32493
27465
13037
10309
19494
23226
28300
10712
13143
17824
8102
18279
13661
26555
6159
15422
19933
1385
9402
4952
18043
16912
6794
20701
19020
13756
9574
21737
19853
1545
3468
23439
7573
1604
26407
15902
11528
8909
24611
22946
28750
7103
8256
16046
24131
21203
28517
3673
26928
12418
5688
10375
1019
25706
11499
3946
1946
1267
19544
9288
3277
21042
21841
8574
3597
8206
16945
30149
26047
11169
14007
25780
31918
24545
16917
4230
15544
19839
1859
20766
7112
23055
16281
31816
21252
27242
19357
834
5703
3152
17946
2427
24529
25426
19826
22682
9277
23791
30516
21954
692
28670
8689
23572
17761
27468
6476
8310
17956
6021
16465
659
2955
12376
13832
28451
12798
30934
10313
14189
30009
28443
18641
522
28160
25393
6294
14571
22541
30001
32088
6302
29774
16043
21881
17612
23373
11080
32270
1543
21488
17582
32566
5314
610
30116
21163
5537
849
2167
30870
10996
18266
25756
20136
16254
17089
20374
23910
28282
17766
13595
4036
11488
3828
14962
2294
6116
29532
8479
3203
3263
9090
15554
11419
28083
28213
61
12970
14409
3429
26133
30253
20702
21392
14363
5573
10077
19838
31307
18057
6478
11310
31988
11681
13584
2832
23065
30737
16994
26229
25111
9426
13353
22083
15241
13607
26477
24813
14953
14126
21412
31394
12920
24245
4147
1221
18655
8272
21298
24990
2326
680
19823
28751
16645
6678
1974
1289
26729
25201
9552
12671
6010
27428
12234
29083
20683
2435
20472
4208
8817
1375
6200
22897
25191
29655
17403
27104
2609
13426
4226
13961
30144
17515
4838
6575
2454
23628
12123
32071
1066
3006
5557
30052
32398
18336
26412
24307
24655
7766
26972
22184
19101
1636
27280
7224
16043
31547
15167
13769
857
23634
24791
26534
3601
17017
26042
21560
29422
16235
27270
22578
8228
15266
23706
30475
26780
26223
30166
27569
8670
27721
27041
12668
22836
26470
25393
6496
25612
16008
14599
16232
20383
26138
31160
29791
29648
14203
13811
28624
11607
21146
11200
24114
798
15811
14086
8028
15083
14264
11088
18751
8512
28676
31440
17107
2176
6540
20133
2898
17234
2919
29785
421
7754
25583
17582
16411
7367
25112
26522
24673
32023
26881
6544
15279
18402
25033
22017
31551
28357
28580
2851
3331
15933
10798
15089
20631
9927
20991
11635
4213
8517
13183
6207
7016
12964
11259
24384
4675
21180
1273
21174
15826
14967
6601
3710
273
23862
31581
24212
15260
4464
1627
19670
12391
11420
8047
15370
17583
5714
2534
13347
11056
5805
3193
17344
20377
25587
22630
6902
5693
13176
26310
17231
17419
20927
16410
6418
8896
1507
25127
27077
13659
17461
14340
23537
4305
29735
22641
1061
11523
19817
32362
19261
16877
4177
28668
2532
1312
7552
18264
32088
23410
12483
21030
31086
21236
17207
31515
31701
31012
22705
29134
1182
24932
15452
1223
22524
28587
28836
25049
3401
15227
22099
12467
3914
7955
20218
15281
29108
18149
24211
6904
16367
21834
4196
5569
10521
28277
8999
11765
11598
16549
16487
2555
12327
23711
17197
12493
5248
29276
20956
19538
17791
17919
20314
26088
20690
28938
26480
20799
30263
17360
14964
14702
20546
23342
27685
1088
31323
15990
6614
32719
22534
6572
31695
3669
24935
26613
13808
17470
6405
8780
7063
11394
3790
18039
27332
10033
5211
19001
17019
5712
1654
20170
22634
19683
20441
10372
12748
29771
2361
3807
25485
23506
23171
2207
7599
26245
358
26700
1516
2882
8465
27875
9629
6929
16190
23243
28378
16823
4719
8458
7395
29833
1399
24249
29630
17279
5181
23733
8994
16521
26045
20376
20628
28966
18255
30184
3280
32306
27948
26254
14442
5631
7214
9097
7093
13480
8407
17635
13796
18082
14229
20452
1903
22932
19012
3719
23481
20329
9973
31530
21999
18339
5102
5257
17715
13042
25842
11757
1018
17669
30146
4001
26290
14496
11747
31654
32169
6639
29090
27303
11818
2842
9302
5423
26345
14105
8165
7450
29600
26314
17801
27466
13307
27712
3028
5531
14770
22622
11762
24856
4596
11941
24623
13423
15884
2891
11704
3746
7999
28557
25510
22016
23027
10310
11576
4948
29719
703
17760
27996
12990
17353
24962
30844
31501
5385
14712
11956
14936
23700
20697
9168
6536
12988
25979
18910
32704
27177
10038
23013
10304
24107
7403
13524
20361
31566
23237
20665
15297
13871
28095
1587
9306
25743
8295
21034
15599
11430
31969
24509
26478
32441
12334
28284
20860
19695
12975
26840
277
30049
23012
16087
5235
4720
14202
22797
14642
9563
27013
14279
7857
20241
16394
4745
26555
2883
23488
3003
24423
8638
10775
19615
30012
16888
25210
7558
17561
31976
26833
20036
11092
4379
14667
737
13218
15621
16730
14481
21815
2965
18943
5862
20910
20236
22343
24901
12330
15886
8470
7319
7230
26361
2339
15680
11274
28023
12868
29013
20903
17999
7404
23305
31686
25985
27889
20329
10643
4753
15507
27978
30176
22307
8379
8319
23935
15304
17024
25935
17647
18200
12783
24614
316
29441
22028
7562
26656
3166
7700
3665
11118
12491
22533
5137
944
24248
20576
12761
28175
19389
7982
13598
372
29997
17985
27384
7917
7918
1212
13711
338
13448
982
5583
28712
16507
16602
32100
6597
28118
22642
31970
22709
18437
5926
8771
26717
11499
29472
7063
19678
9521
21298
29175
29245
5853
18202
28859
18112
1574
5380
3309
21659
22662
16464
24829
7883
19986
28054
4277
17731
9479
18407
10608
13382
7077
19286
21127
25364
17472
6327
25101
26056
24468
13991
10684
22145
12633
25549
4142
22976
791
24159
19025
16913
18748
17639
18709
5870
7788
29767
12135
736
2328
1786
25699
27879
16210
22942
5573
16668
23775
14511
16033
11413
16270
7062
1621
20617
32201
4322
3003
12468
11114
16341
28835
24829
24784
8994
14720
13911
14385
24821
21857
32485
13617
25652
25123
1377
19124
6916
229
25534
29425
32400
20157
26892
3529
18438
21929
5789
31062
30433
2505
30822
6342
3182
9931
23719
15722
8329
422
11983
9738
13224
8843
31130
2172
25116
15128
21628
22900
23699
19664
16450
18078
18912
5064
14071
5866
30207
2466
29444
25896
29267
5311
12700
26836
2867
14257
29783
16691
13989
21743
1565
30367
24681
23245
18246
9758
14138
27563
1279
2874
24400
22124
24560
23565
11817
29482
1564
11164
21385
14375
17416
18022
5056
6919
12575
15676
30507
4669
31573
4690
4861
19140
5643
15511
20287
26127
20530
30018
19990
21570
5556
941
22597
7842
24591
31591
29426
13898
6723
8325
685
6945
31727
26168
8110
28424
8119
15269
32606
18776
22760
6896
5914
24203
3167
3738
23603
20537
4263
8462
17721
14663
22881
27254
28793
19035
29161
12499
5060
2706
2870
20045
6514
4214
8450
20935
3751
18218
31275
3511
18133
5096
2138
2357
22658
28590
27362
1874
22348
18739
6379
6314
28458
17184
30415
27453
17652
8829
23236
19578
16422
361
17596
4509
8673
6671
19849
23099
3378
15829
4421
24859
25751
19670
6385
20296
8383
16787
1884
17764
1170
9445
3398
3903
21105
32311
26822
13737
26303
5105
29673
25220
23456
4151
1692
19229
6656
24020
12236
5308
31704
20849
2507
26489
25516
29451
11766
9042
27993
31652
2965
27515
7181
23352
9730
31733
10647
23282
32270
32098
23265
12192
10912
19224
32186
4197
25759
24436
29657
9645
2578
23152
28447
25702
23686
22136
17181
10606
32432
32634
28630
10567
30036
8253
18886
2066
12134
6643
25379
11707
22894
31249
6754
10865
49
8798
29181
16217
18061
14154
5492
24451
12965
18562
12178
15645
22078
26561
30193
14054
22121
8681
3520
14822
5731
3666
11716
27485
2489
26722
8605
12025
29103
26462
4683
23883
2531
18559
14320
15996
26670
16201
22743
7484
5067
16408
14774
1532
6075
22780
25392
1629
5223
3270
24734
232
5256
25699
23567
26879
10564
10857
15245
31507
4505
1264
9123
17688
28927
24995
796
4918
22857
26647
3084
5314
11213
26203
15893
19820
5572
27600
26083
9914
11252
1594
13817
13749
27020
21784
23728
2274
5711
26417
15228
4723
22516
5744
9074
703
29389
22001
15111
9968
32168
9820
28955
8187
3315
9330
8502
1494
6435
26085
19729
19173
9302
6253
3928
29621
25398
5912
11182
30444
27937
27106
24562
22912
14216
25477
23232
23336
24725
20882
31547
18192
3345
29377
15882
15569
23940
10117
31649
1440
16030
4324
23490
18885
6357
4486
8771
14928
9040
25868
14609
775
24068
16803
7029
6306
30493
14296
1686
14139
8095
17582
4928
9472
4941
18925
7395
3371
22474
24766
6623
1844
30462
14965
18686
7748
14523
942
22594
27886
8096
32155
26850
8474
11582
16796
5263
31809
12666
25360
22523
9184
10546
25452
1692
22054
28708
11402
11182
22256
18955
1347
31863
10488
1802
13375
16334
26441
18254
17676
20190
21239
8688
9070
4904
26892
13080
246
9671
5317
21864
14550
29688
20991
2712
9716
3289
21484
22365
7997
31857
1034
5776
3644
22513
27990
1932
21483
24377
26557
7128
28617
22430
6099
18438
7468
1003
5831
23514
23257
23973
22167
9647
4306
29588
5760
25879
18543
4478
31673
20674
10928
5430
8800
13217
14546
5334
15029
25930
29472
14920
1670
8607
25100
30731
19178
938
13694
31539
2610
10188
28268
32434
6685
14615
18091
25559
27211
28152
19205
13332
3828
14361
23435
28676
25562
11141
1580
20396
23420
24846
28551
22530
20109
22508
15870
27051
24484
6822
15116
11529
18229
11062
7896
32629
7104
31336
14858
17865
27208
28291
29149
18466
13063
15659
17013
31460
7776
7302
15220
22782
32277
3998
10952
13167
28346
20998
27078
6665
11626
9921
125
16756
30136
3679
4932
2679
31720
10345
20118
3699
22368
17407
17696
21808
29017
25536
29719
6108
19418
14570
25039
13649
13543
22978
2698
15255
14838
14135
3982
10922
28578
5570
23674
21629
24995
3472
14041
32318
16126
21987
27640
9948
5753
24502
4341
5831
14162
928
2329
7415
2608
18170
18023
7471
30298
31812
30837
21379
10023
17093
7547
28952
17846
10610
10666
30251
31454
30993
14527
27988
19816
27038
32215
27660
12412
18158
25989
31854
22106
18578
7714
21562
6987
8446
31332
32031
7382
2027
25138
21050
20790
17401
17847
30426
13068
30617
18102
10886
21842
13610
3101
7745
29584
7778
29660
12044
21074
4848
5879
10669
985
12895
21466
31663
25873
13630
21230
30122
26307
24958
14697
708
30476
7707
32362
31096
7950
27135
5701
27030
10469
14883
26651
2955
25052
759
16815
13539
19681
28932
15732
30220
22839
5327
20203
17757
29035
1537
26923
23382
30345
16838
29633
9258
31631
18547
443
27258
21794
15979
32512
8036
20864
5187
18403
25532
11446
31268
24311
13977
5395
8817
13604
27924
21468
6058
14330
22348
28225
10641
6726
13998
21136
13707
2787
26995
26025
20040
19923
28521
1202
1702
27534
11255
20236
25555
27290
2395
19589
15026
18268
24887
17359
31873
7726
20044
21809
14008
15282
19333
11644
18996
1893
17463
25921
7572
31863
31143
24641
20196
9434
25037
16677
10361
19097
25431
17775
23835
21355
4849
7601
20330
31368
21956
5628
26746
23739
3388
8860
16833
2744
12303
9474
9779
5553
29819
32002
11947
18980
28623
14911
32141
3319
20268
483
23977
3782
3469
31891
18531
18812
19205
24738
5905
31776
10568
27780
25509
6386
20845
25990
23692
22967
1778
28349
4054
28241
27649
19516
29078
31122
23281
26250
8588
20562
30992
8788
13313
11967
26272
24670
499
22517
12319
14783
17522
21455
25804
19534
32586
16124
30310
11096
32482
24917
17975
18580
28004
32365
849
26968
17182
5226
15896
31756
5673
32020
21760
25056
3400
9516
7832
186
31250
19967
29896
12658
24148
3387
1366
24130
24753
32512
2991
25976
29835
24122
22501
5230
14631
30511
18164
20156
21515
10324
4169
13740
19115
25957
3205
25583
8005
28852
22910
4494
13578
16066
32646
13347
16254
14348
31729
28488
16673
19751
21713
26960
23887
4367
6660
22581
357
19901
30577
23250
10533
18167
15502
29266
16988
8044
32038
12265
29633
5120
12121
27330
19233
357
27364
4664
5817
26603
11682
28744
28132
24985
18771
28742
11510
15996
24221
15824
26727
15167
2384
20481
6964
1532
8686
13542
5250
1362
14443
12598
26756
5560
11313
2109
26784
12560
1383
26
26317
13440
29555
30250
18496
14461
5309
6084
11079
12072
27574
4903
9333
15582
9498
21680
22271
32522
4978
9297
27750
13630
988
14142
12118
131
20494
2537
19919
11501
20889
5681
1666
14706
6763
14806
17790
4603
5784
24881
29707
12220
31578
18978
32726
5057
10070
29513
23887
20426
22560
2937
2384
4441
22786
30057
19967
25353
3833
13229
20213
6177
1537
20709
8352
5737
25490
6197
28389
29245
25195
12789
30474
4319
15246
30889
22740
17682
8332
6707
748
6628
11010
22855
16007
16331
25956
800
7750
20467
20729
28017
21595
22999
3367
4255
13294
28431
1009
4653
25023
8552
16318
21368
30732
10042
20060
22692
8629
6646
21828
7126
28830
767
15136
8355
29525
10939
2698
23497
19957
24041
29207
17181
23114
7477
1428
6597
4917
27401
9359
19623
20306
11175
10778
29473
3801
19317
18891
18427
24770
8087
15879
11930
9005
13507
11136
6262
8960
81
24061
24270
24274
10130
16986
25754
28936
20835
16847
5313
25917
13826
25205
4236
31976
24864
20741
8794
10040
23095
14307
18582
12355
10013
1884
27879
27488
23770
4908
7078
23761
12983
10564
20373
9894
19351
1482
9678
15581
10634
18528
3577
9422
32672
20137
19138
17351
22011
6153
22155
243
13352
5805
93
16000
17840
4556
21797
28160
11497
32044
10525
17424
30738
27111
21896
20280
27807
29807
32418
30227
7378
21456
30167
8368
31627
28213
3123
4407
25185
5806
26906
12240
15857
22576
14649
19904
21622
29150
18876
9173
23195
26758
25537
4101
19085
20847
31757
22098
12627
14930
2814
26865
26210
21158
8385
31658
24940
14880
2501
26242
8826
6267
6000
7064
24634
25205
24848
13389
28826
28698
4372
22951
8085
18500
4732
3064
26701
17763
12942
3514
17499
30586
2763
30142
1379
26474
18209
11398
27883
8051
7266
22767
30317
7416
757
18
1962
3970
2508
23661
31554
2312
21909
12350
14722
878
8245
5936
21373
24395
19570
6969
21598
16367
25071
4291
15612
26789
1374
32266
23983
32565
16625
4549
611
22445
12561
27912
9450
11617
26963
17513
6551
27953
9640
7266
27144
29962
7124
9462
21059
27824
289
30871
5125
7098
6228
16968
5206
24798
23520
3839
30561
11886
6234
20045
11907
12323
2861
17984
11426
32282
22927
32393
13504
284
29619
26330
30415
27682
14400
15506
28359
28440
27651
29596
14839
1762
23008
9876
22168
3741
12047
21036
424
30247
26501
24527
9974
16865
24239
17284
6009
14259
22630
12564
31205
23889
5664
11375
10624
11197
19555
31052
30514
7182
3200
11792
220
29039
30333
28145
4843
25706
18259
3675
18477
4967
5978
11154
23523
23663
23809
28826
25111
1078
1986
5716
23088
20057
18261
24041
20419
27364
21284
2667
32172
23831
17920
7610
10078
16234
25106
23717
7287
2254
20756
24146
6808
14134
13505
10976
371
854
7049
11594
3365
426
11658
31887
2759
21691
9660
16400
15167
21662
27499
13113
22620
20413
24555
3171
28707
18650
13447
19193
2659
22096
23738
12506
19600
1692
28834
27391
4045
28189
5041
11614
7499
16920
13222
17934
1234
9471
13243
27563
16797
2035
22560
19196
8555
17799
1449
6099
8659
22983
10692
9525
14296
23417
24237
18619
13757
6818
8165
3384
17179
2124
8928
30876
6960
19335
10237
26905
1402
10158
22460
19844
15492
6123
44
15613
14081
17405
18082
12754
1815
12857
8624
27553
17405
23247
12117
15549
12744
79
15218
18131
7042
29036
2685
27342
4989
6143
15481
28663
3558
31055
23590
9825
2461
2959
28277
2180
15172
1192
5694
8232
28311
1593
8245
12933
4603
19164
2843
30632
8281
14508
24625
24856
23852
32004
28658
13242
5849
5513
18177
30962
25408
27242
28513
2827
2704
24038
20964
16601
5215
29967
19430
31900
11002
32206
19770
8744
18681
22056
4709
14403
25879
14527
20234
14671
4161
12956
23718
22313
14829
9771
16766
13904
3757
32647
9173
25674
9476
32248
32097
3395
27768
14011
8960
13560
4840
13569
29864
30419
21536
23353
18844
4439
26539
27026
27878
16575
232
19900
15873
11490
5473
8175
18902
28250
23895
28975
28650
28389
17058
20174
26581
10507
12728
7986
15094
2818
267
15321
1637
206
25240
27801
6441
27052
5052
10285
17067
31921
16202
15853
25963
24751
17884
19677
8690
31576
24678
11241
11784
15270
20753
10095
11302
25466
5702
14334
5934
5251
21512
5726
5722
9313
26504
20688
19826
31754
22771
17814
32067
1645
8079
9910
2124
29270
27654
27388
12218
19346
27906
20542
7319
12115
16889
21219
2366
8150
4171
16038
7954
15170
28298
15512
23663
22996
6680
612
5857
22329
11000
1751
28052
2875
14814
24480
16396
13728
11400
11348
32022
24911
7249
12981
24063
693
2820
4147
25091
21863
23022
9395
7688
15625
14135
6800
13453
11630
30066
12255
2525
24064
370
9464
2184
19555
27231
29746
2579
21077
12298
14061
14319
21209
19326
23510
30888
17044
9688
4710
15711
3959
29016
4012
17274
11166
6327
4173
7834
16248
14523
15305
7885
18217
22538
19711
26374
7980
20796
9204
18378
17469
9011
9424
12843
19062
7087
2089
22266
20408
4125
132
17977
27980
6320
22809
8911
27850
435
29143
15999
17466
26398
15528
12827
7546
11879
8182
17909
27872
21146
25198
16023
23327
13996
1028
25012
1647
29197
10295
18270
24296
19324
30102
19320
8751
22047
3715
13167
14933
25811
1847
23589
1020
18369
32006
1070
16316
2098
13028
1599
12997
5796
22313
6115
15045
7964
22161
24688
22796
30655
24711
31802
30958
23964
163
16390
30056
29645
29041
20674
8711
14526
3188
25459
23302
26060
31594
14702
24758
27922
3794
11467
547
2431
23980
24855
23285
5420
4736
27721
10388
6637
2465
3063
31376
20519
9395
15050
16959
32737
30571
14896
1448
30749
12694
25680
14751
4200
27229
23107
1842
26800
12487
25217
68
23382
1407
2969
1912
21892
8664
26406
28497
2497
12302
28926
5271
12482
22735
30380
30716
19587
18937
4897
6911
8599
6822
4774
9233
23229
12390
21269
3574
2739
2507
29769
26223
79
4651
27859
24598
8395
25249
22254
15241
15457
5205
2486
19402
4375
2045
21140
6630
28637
18084
25341
27605
14293
24490
18012
12962
7154
26637
29772
9164
26308
32486
21259
491
12434
31543
15915
22678
15274
9955
25995
12165
27381
11006
6278
30963
1742
4423
20842
16198
17428
32499
5420
22002
16766
3245
31578
4507
28463
24538
29264
19322
5259
26913
5039
13313
26696
27691
7435
14530
28360
13479
24804
397
4774
7314
17368
18648
11151
18357
6678
4964
26451
14447
30998
2846
18747
8628
20872
324
13214
6742
25994
23496
12207
5507
28445
29177
26521
17552
2778
7264
1742
17908
15073
31720
29851
17816
5651
15427
7425
29262
30593
21896
15296
27806
16931
4385
23988
4809
3278
21988
3172
19976
19040
32640
22489
17685
16958
17691
12972
6124
27904
29497
21603
2259
2410
31968
5630
13976
32158
10234
31948
19482
22673
22778
26499
18698
1980
16834
4496
18419
5396
30660
24748
25976
315
13672
12464
11486
3576
19118
4522
11722
3301
277
11312
8011
1639
30395
16372
13338
19683
13509
28825
1057
20527
1281
21701
12091
17735
19146
31608
7483
30274
25389
23452
32559
20100
20554
25053
30182
30516
13308
4282
431
6129
23996
26332
8036
4032
28610
32679
13991
14921
24430
8720
15724
5444
21735
12718
13496
23086
11778
13843
25255
24640
10341
27740
28084
23201
30444
5895
15669
18139
17995
5
17189
8076
29941
24848
4902
10078
573
9791
27334
24632
30907
16088
3842
694
22514
28773
8969
2519
16687
24586
23618
9974
27572
17941
14223
12796
9238
32727
5076
27091
23268
29619
21939
6430
1673
31604
30874
29479
23668
18659
12544
15640
9590
30874
1003
5999
12651
18195
30646
31660
11804
7172
16913
16972
25956
24559
5961
17659
9874
20468
32458
28934
24335
17387
20706
24079
9793
6831
16839
15620
16558
16572
7644
13138
24165
1277
6960
30293
6298
12255
25671
15123
29328
4266
16414
20011
25020
29969
31593
26632
8487
16136
30495
4442
21524
3285
56
11207
15331
10090
21686
29405
1333
10994
31202
2380
28753
7594
18392
26194
22726
26866
20037
14198
24658
26788
30320
2681
16643
1188
1655
21386
2716
2232
27099
9145
20282
11930
25407
9134
823
3660
2925
9883
5199
26796
16794
26991
31745
72
28907
21069
20792
29811
20280
17468
7467
21145
30991
23328
30594
20943
3836
9193
11706
27822
14343
9482
31178
19810
11647
19244
3079
16382
13302
3620
27717
7954
9613
25123
30271
28288
29042
18733
30009
6283
13478
6349
8931
305
20484
18438
3457
25531
8063
22924
10569
11922
13995
13877
4364
20820
18047
2986
14873
12583
4185
866
8031
14158
2626
26065
10193
11770
6259
32220
19471
24418
25
20625
16194
11029
30550
32021
8007
1423
30344
22749
28689
5643
11981
7201
26184
26265
18887
12942
17718
23152
22172
1084
21476
24197
2113
19167
11648
2141
10489
18241
28930
5919
26392
27376
5136
2797
24333
18995
23838
18036
1695
27203
18649
28354
23927
16312
24262
32088
1759
28994
14630
14465
12489
12953
17438
1506
27667
19383
30740
19281
23049
8260
4956
20971
21292
19282
5908
24416
27442
9034
2892
31122
30285
14886
20075
2143
29616
11745
29645
18874
336
23852
30129
19457
15591
21603
15955
25226
13887
1727
19541
18560
22189
10189
30307
26093
25051
14623
4631
27415
29643
8257
538
13840
8217
22766
28557
13961
5761
6020
12967
17383
28832
28598
11935
6553
3327
21377
9420
28072
6989
32353
17163
21903
15852
8388
29025
27982
25776
24511
8929
29882
17635
32000
11728
22295
4748
15108
28424
20712
24304
20874
15514
10246
16474
1607
27575
10736
10008
15835
28113
25698
966
6404
18685
19497
8911
29201
28572
17973
24880
20122
15162
18160
7807
6511
3766
31694
4140
14542
25507
13093
23048
21721
18159
30272
4099
25158
2242
2479
1338
17753
9129
18400
3121
8463
7924
2548
3164
9885
28765
4811
4325
31000
8426
12385
13481
31094
14612
1886
3972
3765
14376
15592
2254
15962
6894
29372
13093
10525
13705
18813
5485
16355
25758
23883
1302
17644
22968
28824
30109
27982
1771
14647
24918
13986
28088
950
12136
17661
21809
8430
15129
23842
11101
20952
24652
20213
5598
9635
12615
25651
30161
32259
14778
10081
25334
11723
29437
5890
25105
26046
19866
6413
23184
25506
29707
17054
3949
6039
10949
18412
8022
13223
29045
10363
20492
22942
18825
27539
10505
23324
17906
240
8549
16360
18472
6587
25850
1671
3695
3513
29895
21262
30554
8387
9874
52
7821
15478
18385
18091
14022
29227
26571
28337
17695
22825
3323
16354
8589
7450
22965
9040
24749
20668
25612
11221
2752
22745
17650
30888
17395
889
8865
9775
18917
8022
14906
16660
27235
10128
11436
28571
22390
22434
4824
17715
31903
15253
7411
29771
14689
4212
16683
21094
9472
2303
15757
25202
16265
19107
28966
22869
13330
13994
20584
20682
4163
21424
30928
7275
5397
27478
10182
29966
1242
12346
6341
28245
4734
38
3771
27265
22028
5767
3251
135
27251
17185
433
2150
6283
30978
27613
16823
13139
18868
14052
18566
2429
8375
22940
19552
4140
21294
30439
15789
11004
22489
1497
25921
13635
15171
17693
6701
12438
9277
32148
2523
15503
31882
22592
18010
15310
4572
19297
3830
19006
17152
25309
1804
26777
3413
26597
20252
303
3714
11222
13344
10723
20072
31325
26908
18294
25942
30431
32503
30216
21116
26904
3721
23259
5795
15618
18677
17243
26395
14840
25145
13659
3316
13595
2563
21666
17521
17141
26311
16806
12473
11356
18190
21911
14288
10905
32017
24479
23238
11978
6278
18281
24110
14469
29370
14560
22226
32702
16608
15673
28325
30187
8360
25907
30201
25189
21268
26781
5362
7698
6536
24345
12603
12865
26912
30241
23543
24277
26693
18503
23547
19366
27267
14785
10298
26916
24213
32292
26240
17470
25282
11120
16996
20866
29549
32333
12408
29573
26599
13204
29122
16517
12679
6929
27504
19277
4349
18312
9927
29529
13795
32757
3421
59
31893
22040
13704
3133
15939
1585
21270
584
26436
1033
8254
13060
18349
22833
21207
17729
21027
14478
29128
1430
15597
27414
7872
22855
14669
31188
10279
22636
13585
14642
30548
21328
23141
6519
12032
18200
16875
24719
3578
1445
2830
12555
27165
5307
20115
616
22400
2146
8048
28308
20460
23692
3554
30894
28307
4601
24762
12557
5118
4696
30967
23173
1608
8111
5018
29925
24970
21244
23990
20676
27798
28189
3783
4222
9704
1261
32068
14969
7385
16816
24952
16557
27414
18609
14989
8547
25169
32553
2538
1340
16950
14691
22719
32374
2721
5150
15325
19819
15886
32051
18892
20058
10321
12151
14103
29802
32135
9699
3307
30188
25932
18930
11744
3553
17966
24907
7447
30396
25954
32416
15237
617
11958
31190
28558
29581
14535
13158
27350
31760
22900
9987
596
1241
24210
4477
19624
8920
16097
11749
31406
23882
22335
19954
7763
10552
2076
20899
21415
15937
18222
16934
52
10394
31078
5113
7311
15443
10530
21583
15404
19932
27812
17845
18294
21447
4291
12277
7199
21967
23520
26426
1973
19738
32028
20086
20599
22971
31688
22785
16486
29051
15134
20355
26271
27609
26158
23571
743
3919
22554
8608
20360
983
21638
25232
7516
20142
9291
31400
30247
15192
27243
12332
14633
21988
17738
8263
26100
23153
4123
19116
2428
15857
22680
126
365
13357
23798
14958
2497
22282
9752
6691
18577
21258
4611
6878
19499
15637
25234
13662
12134
30074
9322
31489
22578
15409
561
27693
1139
23139
22523
3566
6416
1323
6917
736
26438
23967
27046
11088
23619
12810
22402
4254
20208
25724
18945
8165
24590
6789
30976
30686
8324
6717
26566
19970
29175
30855
27193
12015
21916
31895
2641
7693
7498
23730
25038
22641
13012
14389
15398
16130
27029
29401
5314
11226
3660
21813
17769
14063
10539
5765
30973
11762
9770
13225
13925
17271
22433
14193
6090
14679
1814
22551
518
2642
2131
3597
28761
22265
700
2041
10334
6604
25824
8191
27198
26271
13902
13886
28964
14658
15274
5277
22513
5984
8448
16327
13872
2472
7767
22900
2380
12331
19082
30699
15872
30213
4179
5828
28176
10304
31145
1267
9783
29685
17740
29698
18528
4020
31390
3230
24089
5158
28596
11349
28484
18417
30125
12446
12559
25308
8002
29466
8487
3124
21919
23321
24873
6254
12145
10336
26202
18957
15937
23338
20887
6599
17920
23916
911
18915
4835
20829
16687
18661
24945
10550
31838
10093
3290
27702
5355
9565
30602
19690
9667
6714
25086
29867
12904
15573
9174
10344
18590
3626
31532
10918
27240
27528
26149
32452
21554
3058
15045
29060
29520
27846
28936
2759
8359
29084
21294
19608
29610
15217
2134
25452
16777
31493
11598
11176
7332
17025
28586
12388
26694
6749
24339
1903
21648
23937
26850
11923
22195
8362
12782
19994
29027
10512
17057
1168
24968
13894
14674
8139
822
9057
30414
26409
735
9052
31032
23321
11975
7355
22804
3549
31929
26735
7326
31118
6137
30714
21856
30560
2937
9939
15363
15399
23631
15116
15974
32282
10343
22834
13293
10199
7541
28533
11292
15528
23598
23560
2916
20997
7096
21195
27196
16986
8543
17960
27252
32010
24713
22330
30406
6067
22252
4405
8367
1204
30974
29698
4221
4844
17069
4649
15272
6853
16465
17908
21861
31857
9183
16850
11641
21364
14943
32761
29003
867
21920
21839
830
491
32298
11147
23613
532
372
9879
11160
25799
12375
14649
10510
4751
25027
27891
19755
8860
3505
24872
25556
29453
5208
17791
11552
5743
1444
21389
105
14976
31972
2990
9635
27705
25795
14643
22765
23820
14201
451
11366
3435
3906
1019
15426
137
6927
18776
26909
23908
19324
3927
3214
8451
19459
11226
23552
17916
7279
4302
28093
1338
24211
13067
5196
5117
11323
22651
1021
802
2403
4479
30402
9125
18087
24974
16960
5220
26619
23328
5158
23846
25500
13002
18622
15067
19783
3498
4034
294
16808
3845
21360
13592
9749
26927
5600
17727
4220
30123
14486
735
27546
6292
25172
16511
11118
29499
30513
14759
9710
10770
22255
10217
25592
16841
21898
10526
32395
22454
8717
23282
23607
14714
4009
20387
25298
8162
29960
16389
29037
4363
5599
7882
13958
11722
19139
28928
13952
28234
23357
4059
5712
4599
15904
14261
32376
18075
13338
2131
10809
19143
28810
23146
30468
3957
17553
3681
2099
7403
108
14425
21238
16099
32513
19819
9872
15336
4023
13872
1219
7171
12939
27271
24200
17047
23137
31378
2308
24458
10647
10498
32440
31653
23776
31381
16632
9278
22608
24284
28062
31252
2739
22082
23807
10106
6947
14666
23582
440
5338
1304
22304
22958
1348
20787
2048
16314
16472
21129
32132
16092
16169
4020
3696
21272
19640
10875
3321
7964
29965
25244
20092
9507
27270
13769
23408
1817
21870
16624
23450
4608
16849
18111
4735
6290
8079
32616
31
24872
2224
5537
31200
10970
16887
29935
20425
3560
10682
19749
20976
15193
2289
28455
18998
24545
31372
26356
15921
11784
23818
30436
3434
21385
583
22574
16329
24056
4501
25772
6221
21160
20495
3555
16384
32204
17194
17726
7467
15580
24973
14746
10950
18491
17955
3591
25650
16406
6510
28109
6443
143
9502
8622
15864
283
17890
2667
3044
17192
12158
9354
1522
5124
14110
31061
13773
9722
6121
8486
13566
17598
26074
15074
22113
10507
8907
31940
986
12170
10707
16988
9284
30454
25810
15319
7594
10622
74
8832
18362
30058
4465
5767
25206
30978
25220
2561
25901
9643
22877
23857
14762
24148
11336
4102
14251
21776
22803
11492
29845
27652
4708
20648
15205
7556
5967
29670
16618
12153
10536
22900
26674
13830
5014
17965
11074
10603
31465
26095
31753
4905
25774
486
12695
5735
11904
27661
21899
22420
26401
17393
26058
1870
15817
30905
24183
5250
31677
11363
8223
18901
15396
23632
1587
23107
22038
29443
16828
8454
11511
10022
19530
6330
23299
19405
1837
19902
27177
30207
23272
20445
3869
7027
27363
26414
6825
3735
12640
4152
5444
31702
6064
858
14565
19483
24231
19307
15641
4241
27469
12189
10580
23470
19414
29863
8580
11119
2261
14627
24812
18661
5804
28980
22320
16624
31559
17773
7084
23115
31754
22766
11018
11464
26631
15056
8980
15837
21109
1732
28870
18016
20829
30966
9384
1423
5271
31032
24923
17747
26869
24924
6257
29638
31678
737
2434
30194
29278
12243
14203
6108
10843
19180
18490
15809
13707
8959
600
15007
26245
7575
23878
28663
341
29915
22428
6865
25716
3252
1965
29186
15863
9010
6751
31146
8454
24620
13370
12288
3984
2087
26814
30546
19517
22137
15354
24903
2212
17071
25178
16232
17343
13611
12993
7390
27803
28434
32471
1405
7508
10597
17829
15874
577
12141
29791
20889
16748
30813
10624
6307
30277
1075
11804
7349
5527
32735
6514
32228
19898
29863
21186
15680
14091
1738
25950
4254
26777
1891
23298
9115
17697
23953
4200
27101
5181
2773
14360
26268
15320
20155
32638
3425
11749
11709
2622
8206
24144
24420
14284
11807
21813
26544
26423
6447
12625
24506
11589
17086
11958
12696
12485
18225
1474
19329
8481
27162
13905
3633
31539
6074
4914
31375
4185
8133
8664
25230
972
3428
8786
8529
12845
16512
21374
7826
14177
11326
18297
8516
1695
24262
23641
13687
18631
13897
11551
10621
29942
26434
3815
26187
22359
14332
28258
10017
31292
5460
8582
21614
9581
25792
388
1518
26559
14224
24827
28693
24297
17268
12907
16560
12692
17471
29420
11978
28593
10986
11552
16844
19727
15836
10342
5097
27181
3688
6224
5049
8013
26520
24664
2340
32201
6697
16334
24962
31658
18902
31253
1792
32119
8154
20239
18246
12875
1712
22486
3415
30250
21277
7085
29368
11925
32368
28982
27604
21852
22025
32741
5023
9652
17432
30132
23162
8073
5543
17688
7255
21782
25051
32564
25117
14002
30326
7757
21070
20717
28065
21631
5351
12507
20713
12974
11911
25264
28039
15295
5844
16013
15844
14343
3610
30618
3164
23811
30262
8533
13122
7498
12979
7978
7717
13505
21554
12867
28754
17678
4879
6561
29850
5711
23873
30828
14934
20491
31618
30343
936
15976
4529
20328
26883
30623
32372
17191
21997
30126
24097
7636
17155
30797
13535
18702
20798
17186
1032
7121
10870
3128
20178
23696
19236
11950
21039
10628
6508
30124
29681
15171
27995
5019
11570
13716
28269
6550
29683
31362
27218
795
26627
13231
2289
10759
18211
1515
430
14017
27751
8965
13800
24757
24287
11745
21702
4868
13175
9419
27700
18809
17948
17931
2856
14784
3616
8890
22826
7378
4576
21460
18195
11444
15780
1422
15637
10849
8646
19689
27131
5
23575
31623
6066
21355
12414
26045
10505
7353
5346
20203
9397
5467
13386
28680
29080
4925
11587
19585
10307
9277
3971
18756
7609
32224
23755
14871
2933
5443
4370
22831
30895
29525
30175
23806
18652
6468
17655
8268
4980
2357
24120
4233
10487
18232
5317
22114
26930
26235
22371
27794
20159
30398
14371
6395
21451
26118
5954
31733
5147
10902
30029
10726
20561
18715
12424
787
13932
2855
12689
15797
5007
31200
19265
22096
21251
28922
20947
23104
28286
24034
11592
16532
13222
32572
27401
17696
721
14480
4815
31182
27407
20032
17088
565
18282
7614
22235
11629
16748
9723
8085
25121
23778
29731
27588
4325
28896
18567
27069
8394
12805
2011
9145
2608
12800
19617
7038
5084
30803
11493
18747
26187
6231
2091
435
26949
26753
29094
1949
8117
16099
2730
19531
30135
22262
24932
9099
13555
17558
10185
28363
4906
6222
22220
896
3854
6358
4564
20680
3927
13786
24173
2125
30739
6141
1085
20077
10813
29214
10555
13721
8594
30682
32283
2299
9376
7506
3852
10844
15136
1070
3238
1860
24197
14818
8478
26979
6357
11055
9661
9775
1464
28909
19600
29135
27087
23049
4704
22840
21574
22218
3300
10134
32429
10584
26934
15085
24323
32638
11908
3072
8212
22959
6408
28018
29702
25415
8506
17963
29998
8212
836
19197
2344
4885
23222
31623
31270
17025
9851
26202
14984
15627
18700
30811
1709
1125
22755
23401
22793
259
21811
10303
25720
25377
4822
28571
2258
5383
30086
24224
30144
8844
18769
632
28622
14809
20551
28479
27585
10607
22646
19996
29738
32620
28184
5809
3387
11785
32266
30646
2778
22888
31872
13024
3316
12941
25592
28680
5652
938
8300
19337
28724
20895
15052
9194
21459
14017
22699
27325
1351
23258
25657
31942
23637
11378
28785
17760
27135
16205
11667
12573
12445
29749
469
13229
8751
19962
6741
25857
22770
6070
2131
31151
15921
16469
16029
6809
4958
3925
842
24522
4449
5835
10667
29344
4656
1703
10367
6960
30880
17720
24678
15590
19067
28915
9881
1644
12498
12144
26583
22733
21140
28085
30627
10715
15712
30135
24492
26062
20632
32030
17293
5165
24247
4425
11446
17394
30948
1170
21162
745
6343
16595
13164
25689
7323
9001
4147
23270
18820
17655
8805
27062
18467
22062
7363
28883
20328
27852
19681
6352
29096
28067
28890
8624
16368
29276
5441
6403
14232
20667
3931
15186
11803
10021
26507
1213
12070
4703
18445
13539
238
28824
17383
18946
17095
21930
2589
14175
23027
5277
22821
23273
8375
620
18074
30233
2996
22028
12085
11804
14709
18859
25336
22324
8261
24886
25004
3932
20035
31261
15246
27691
28600
2138
27206
16378
4007
9392
13848
14921
18086
20528
31582
26463
19437
4354
25654
21297
7341
19554
27256
21381
11683
489
13803
15703
23276
19470
10936
2428
2587
18924
15390
11397
12937
22086
22376
9702
16364
12232
31516
2648
811
30351
20086
3451
9585
8940
19732
20160
20865
22885
23283
28038
1865
16381
21658
10371
19897
14518
28565
3174
14037
9555
32549
30138
27145
6242
28982
27150
10429
6010
6033
3155
298
21186
4435
12421
9068
30130
26782
21134
3288
29982
14478
29799
32143
32368
28527
10112
27731
27701
301
17762
27802
25563
7691
7059
15073
184
16792
3769
25411
12367
11744
30979
13898
9167
9951
18373
5
31453
571
7266
13659
2963
24370
29807
2974
27593
6864
7445
11876
8083
21606
30135
1938
4362
5689
17877
19897
13648
30327
10801
19622
718
17519
23856
7220
7360
5632
24194
14693
22516
18770
15877
13745
31950
20165
3559
28830
27280
20263
16396
3985
32728
554
29359
10212
27755
18709
28747
20280
20528
25017
26300
1549
19328
17831
6561
12432
25757
2464
5126
4531
26239
20813
7488
31875
7383
11056
29975
12215
4430
26843
6955
3972
11789
18272
9616
12729
27011
31752
27324
28679
24418
31048
675
29856
31467
32752
25376
29957
5740
20646
7063
3864
13319
4499
29657
31865
13236
15452
29255
4111
10889
10324
3387
12773
16186
1264
2979
19768
12252
22651
22767
25806
25838
22282
20526
16777
13721
9651
17011
28475
16695
24058
15486
31676
531
25996
20376
11322
32111
28208
25023
7377
13516
12794
18691
32347
15461
16321
13872
26250
6909
27604
12973
26164
22234
14569
13732
23021
21522
19798
5219
10459
26629
18564
20995
26054
17963
3232
4679
1647
10768
20627
13254
9507
25244
3637
21837
143
8856
8381
19071
11734
14958
10109
17342
12513
7984
204
11599
28407
25308
28995
2488
12173
479
19244
19309
8031
10711
10807
29100
2495
23965
5999
27814
15405
6787
10605
3295
18473
25306
29899
471
5957
20920
24796
11242
1406
7160
13466
17781
30156
8833
28640
10042
5368
31180
17626
11270
16046
2720
17849
30609
14547
12320
6827
9381
14616
30472
21514
7810
26832
25140
11475
10626
23295
22626
20827
24313
10419
7992
32317
8287
10135
1929
2967
17841
28357
11988
14454
2836
7644
31245
19086
444
6738
11680
22063
2060
14092
18100
17012
3326
31276
31148
23998
8902
29995
31220
5728
9394
25383
28410
11164
29781
382
14970
27343
4580
22171
29695
19688
5088
23312
15783
2078
16885
14565
22054
27107
22307
5424
3085
3347
12059
6118
30285
16498
25324
9713
5622
12629
6366
387
17733
11935
2974
17577
6110
6127
3228
27171
4182
19736
1458
22643
20212
12754
15878
9012
7609
6575
26161
30381
32157
12368
12193
24998
6428
12760
29499
29050
16369
1953
11077
21614
20514
7470
17540
30273
12348
353
2721
19205
16096
10222
13266
15405
23422
24336
20406
27622
27745
19835
7552
17067
1516
3217
3415
31507
5923
13016
28925
8174
16237
25260
8111
12433
12695
12593
4429
24430
18461
31116
13499
7912
11941
28755
1415
28773
17613
2881
9420
10660
7718
4399
31062
9297
17280
26175
6918
3030
6505
26715
3448
15733
4080
28638
3556
28307
32687
18576
30786
3415
22536
14040
1970
3956
686
23853
30234
9027
8295
5582
16145
30485
785
5299
2556
2759
2275
26051
32630
16279
15606
6983
3574
6709
24836
16543
25003
27422
17519
25907
5035
20773
3205
21421
21581
19026
20994
18790
5331
18160
14294
16925
29773
29410
24361
11247
29626
10550
23709
6019
13679
17917
4819
14470
19389
19033
5680
19031
23246
1751
32225
11523
4560
16383
17948
20083
16213
298
10153
13284
1274
4500
2210
14232
28231
16306
27255
20171
28375
30406
31028
27625
3001
21168
8199
20734
13333
9735
18173
26222
3347
9832
7692
27110
13560
13070
6486
2450
16787
27043
684
16273
32215
32086
17489
422
10953
1070
20737
6448
18333
11934
19762
14172
9499
7513
23962
6553
18504
18791
16113
21068
24643
12921
2808
2501
21357
18298
20154
19314
10188
15718
22034
13139
19122
18527
20589
4014
31641
27390
13009
19204
24146
20455
31519
12867
30815
24992
14485
27453
7581
5283
32150
12121
4134
6065
7854
7817
22389
24170
25297
15996
4811
14875
2275
31252
19154
29911
18046
13594
1664
8905
9199
18481
10047
7624
22913
30984
20555
24364
4607
17108
23899
11232
13940
766
11395
18105
10037
24088
16217
7430
1569
28950
30551
8553
30248
8891
29056
18661
29706
10577
17734
24119
11361
6301
10924
8042
29410
3090
19368
22950
16096
16709
17611
30537
20753
13985
6435
13368
26261
8796
7521
27768
7476
21929
7735
14584
27880
24624
17924
20145
23195
1979
1459
21489
18481
26674
1248
8180
1481
20425
23869
6325
2112
11128
9525
8963
26871
6060
3535
22743
4823
26940
6100
31205
16530
17054
9268
19057
12331
2395
25510
21604
12216
20416
27023
16031
26471
1750
26149
11919
1215
3221
19412
26626
11048
27221
25569
7993
19886
22405
5709
12606
22018
21663
26876
13944
15553
29275
31254
9084
30457
6436
31150
27686
23786
25800
26273
23785
28169
26739
4801
7779
5707
28382
12851
5940
22687
2756
31254
8209
700
2966
4709
15892
19998
10863
24351
22358
4683
842
25765
5568
27739
11891
19299
27678
32695
3643
18098
29045
13345
9456
25341
1687
5365
1804
32547
31220
13742
15789
29981
7603
16299
11589
13793
1026
3380
21651
23686
21930
30136
30674
31912
30438
12120
3120
12302
28277
27050
30593
10122
17134
1462
30773
17185
16980
3909
18823
30060
26602
23388
22520
30270
21576
28675
6652
2184
2991
6474
24819
22393
28314
20366
13914
12009
8341
21241
6467
4855
20818
8264
12290
31473
7162
8913
16938
13173
28865
18372
3768
11222
15549
22193
21133
12993
17400
13130
4898
26145
25028
27755
375
23103
9038
15447
2380
15406
28790
24133
24724
29542
14046
23835
11047
1711
19265
16249
1719
18497
29959
13561
4869
3369
22550
10421
19028
29678
12522
23818
15902
32373
5864
29852
3079
802
14575
3226
7951
14656
18481
19524
4363
25763
1345
3498
16470
25739
9068
950
28100
10700
30285
364
30423
22572
7580
18033
54
5901
9031
29898
9306
21836
16324
5095
31371
1128
14501
17632
2571
3815
3437
3070
32145
3573
26274
21373
11000
591
31523
2960
17209
5215
24508
2982
16023
8104
29944
6380
22809
3429
26422
13843
13117
17005
29951
8275
27371
9306
28567
7600
16552
31210
10706
124
7436
10918
18729
1053
2678
8641
11533
26384
30462
22594
24700
26158
21163
19046
18897
32046
24039
23615
3296
4204
15407
29090
21314
25576
7951
15680
28398
914
7502
2835
2825
197
2662
2556
24320
10513
25142
22698
6099
6717
7419
22973
27572
22412
32637
4907
3024
17472
15238
7395
26733
10077
29848
25265
31541
7343
31967
15714
3025
5902
24165
10024
8890
22497
1157
3904
7756
32737
6562
4305
7709
7456
27929
4376
14476
23113
30067
2242
11933
13097
17120
31897
4612
21102
30177
26979
4479
31919
3652
9991
24425
11437
9813
1778
26253
17625
28243
12729
16696
31254
31777
2048
9874
23487
17214
2714
16941
7404
18679
3570
10719
753
26843
15529
26061
7464
15728
11648
16073
10737
292
4217
18142
19702
31622
14137
20520
31412
20150
31921
17897
15671
14618
20477
7130
13860
8019
26252
18367
509
29296
22914
31038
24737
18017
12890
1009
18194
11438
10960
12218
15995
10089
9214
25431
13426
18529
6341
23862
8314
20632
3950
28298
8908
25591
20113
27806
87
9537
22838
19561
8197
20038
30267
7268
27968
6233
18166
20632
17333
2307
12570
5371
18519
30457
8159
6652
21415
23372
24669
3933
20787
17120
7481
16705
14429
29727
15748
2950
606
7406
10976
5972
16779
7392
17125
5878
15830
16298
30659
29673
14999
31704
25640
9011
18829
2494
22116
5110
20255
26288
5835
27717
7144
6262
27994
2102
16243
17658
10910
28473
30787
29252
14290
13224
25879
680
29256
28831
23404
16702
22026
23053
1858
4755
15296
4875
14371
7582
11732
15981
32610
246
6357
32151
929
26690
23321
20883
11669
5616
30631
4704
4622
13610
28755
28812
15665
2053
2859
13573
17160
17916
1810
13100
14654
16030
939
8491
32291
5251
8313
19080
28918
9348
5956
20731
32612
27947
21950
28541
11340
2665
23142
29602
29637
6535
22701
24872
12386
6495
26711
29648
26037
6860
17445
29548
5137
21855
23473
3642
31124
29780
15513
11632
25701
12228
5855
30744
31291
1564
24720
30750
6431
10701
23716
5544
13682
30533
2342
23717
22833
1823
14485
16553
10360
12438
23177
21240
3909
4160
14233
7905
31871
26361
9341
8269
20023
25884
28784
2199
21293
13818
4824
17822
1430
24452
23593
32537
25372
19019
11783
32299
1575
1451
32427
13112
25691
7234
11143
19958
22114
3239
24365
7111
19691
14937
3693
8262
22258
27382
20669
7199
23874
9134
6111
30245
14137
31478
2749
15006
31948
12929
1944
9441
14794
11628
4449
26404
26213
5817
11367
9359
18670
19454
28211
20885
9440
24670
17584
28291
23328
19385
14480
20569
24451
6688
12010
27610
10129
12172
28200
22239
30345
29647
27168
29680
10917
31434
7041
31765
28574
31969
26225
23274
31347
13228
21620
4338
12903
28399
9616
4141
27464
30157
31919
18157
5367
2104
11076
19685
1061
5292
24625
26243
14427
30237
15849
21120
17213
20014
7121
5557
13583
20387
30445
14640
12920
3353
21944
11911
6022
8180
9043
20076
19443
15258
17890
9602
11431
223
29748
879
11901
9663
3746
51
7754
17747
32569
27576
8732
27646
25883
23465
24511
13288
3874
19336
27782
1453
2503
763
27207
20822
17474
13927
30120
21384
4339
5568
18841
15099
1281
15776
15394
16942
31553
16022
30815
4441
15961
11968
6601
31908
7717
31132
3254
29334
29785
25115
22564
11984
23656
27383
13490
1275
8869
6471
5359
22527
11944
17745
727
4469
27892
28063
30363
11616
31703
16469
2721
11799
8081
20161
12492
3206
16824
7988
19709
30870
32730
4368
22746
32234
3429
18211
29902
24780
27844
3123
2640
18279
17355
26074
25449
822
20309
18837
23408
3772
14891
10263
3353
4982
23336
17123
8622
3086
7835
25
9627
22225
7917
12432
1584
19555
12420
31782
7331
11953
25830
26708
27220
1064
18722
11526
27221
13093
25452
19369
7210
29100
13319
7301
11213
23900
15720
17997
23286
20386
22424
21492
3992
16942
21210
23747
11183
22435
11662
29353
4665
23699
24917
19154
32130
21674
2934
21626
2725
26665
29824
12804
7760
17814
15153
18502
1735
19378
9879
22568
32556
4012
25461
22125
30717
5012
12520
30160
18654
16658
16458
5971
12185
31832
19543
5332
16483
25429
11150
6625
11105
3372
25050
32461
31594
24036
30066
23043
12815
16993
2814
15259
25816
26771
3323
18219
16337
18413
25184
8160
4421
3609
30850
23245
17098
17386
9269
27522
25469
16018
7732
16097
10127
12565
7875
30765
257
29181
23698
1124
13739
18768
29413
30671
5763
23231
29426
27095
15388
32
9354
17178
27757
10270
14844
12734
3540
3375
31543
14341
19291
22727
11310
2338
20025
1740
12929
10316
12444
7497
15961
32272
3493
3174
31379
22507
21172
19096
2082
1560
13799
277
18606
2983
30173
23691
15489
5327
18112
22033
30628
10117
4226
2142
29253
16973
25190
25912
14428
23889
16323
24368
15503
432
10757
23437
21074
27416
3060
134
4946
26519
27193
13236
13332
27054
32029
23750
3033
168
6037
16503
21446
11049
32636
1981
24897
14346
6943
18243
24478
10596
6142
6938
19707
19947
28369
10924
15976
1150
26826
10481
12108
24060
2586
9445
24580
4440
1462
15929
1996
30192
7771
4680
24035
30746
6351
30030
15850
15360
9067
19412
27533
25263
22230
6255
14694
9578
13331
4522
5918
15172
17342
21569
19158
15598
14994
1424
22981
31437
18223
31306
25634
31055
27930
13678
30788
1920
4358
21367
8456
9176
6738
13780
13171
9047
19922
663
8088
20181
17874
19569
18620
27283
11096
30430
10425
23573
5290
10909
17056
25140
11536
28259
10402
4975
2523
14288
6449
5762
20646
2210
30562
18746
4828
27689
8854
18823
635
26875
29017
5331
25623
15080
21386
12690
25121
26928
24509
5914
9577
3316
20445
18357
22242
23531
12566
20725
28325
19286
19185
9800
29753
24374
449
2508
5138
31164
14399
30565
11863
16129
29809
17932
17129
24823
19408
29546
24224
26528
23209
19877
28120
18813
19140
28538
6188
26698
11588
17036
2433
17896
11214
31739
19527
1435
21741
18233
6395
3445
1973
4889
16112
23570
17063
13609
2640
26246
22997
22338
19293
4756
22599
25437
25341
8481
4252
25000
30838
7399
8436
31962
15478
8558
28174
8387
23894
3640
22958
26407
4255
31292
14402
18124
21966
31639
18884
14546
22100
6013
14818
18499
1761
28277
27485
16363
28130
30918
4783
27242
13129
26412
25584
6279
23948
31696
22522
25031
24560
28535
19660
21311
24071
14074
1324
166
18551
15606
19345
11182
14078
25540
15423
30100
9139
25516
31412
20214
27535
22869
22083
6630
14379
6272
8703
12860
14027
5878
17370
20528
16540
959
16142
31016
22586
24213
15804
29390
8309
9113
24019
27750
12373
24388
17716
21087
26716
16031
16660
39
11530
28599
29857
17476
10919
26187
23272
27297
1596
22729
8182
16677
8163
2425
5437
19082
19008
12279
17722
4973
6992
5862
27221
23969
14945
16867
19721
5577
20322
12216
19780
18214
30557
3282
6929
429
25154
27126
25204
26205
32230
19247
28309
19919
21067
8971
2081
15631
29474
3590
4846
7338
10894
25159
11998
26120
16683
26506
24581
15100
1871
19294
526
7066
912
9616
2778
11849
27270
8423
24683
19993
17362
7185
17921
21334
24670
22238
9346
19037
1511
32684
12831
3246
29625
13603
15669
28739
9402
20514
7793
288
29354
2552
5688
31020
32425
21208
6470
27199
762
27783
20629
20092
29190
7512
20608
29409
1700
3930
19240
28700
10647
12240
16919
9632
20568
8929
31523
27385
14615
8081
15509
27484
10236
18416
5259
24451
2482
20881
12187
6584
7974
4670
697
6191
5772
17642
19547
4504
13732
6887
12507
12277
31035
27994
30236
28073
19956
8939
8816
18642
17992
7617
697
16601
29132
17837
23503
21064
14770
677
19234
25819
26259
15221
6817
24537
13164
11441
3034
22692
4582
11246
24162
3983
986
11057
5495
12017
11796
4264
16612
120
2135
13976
19749
3263
20130
10135
7884
22818
6066
27387
32035
14289
13512
30098
4115
24099
16044
4756
30020
13613
29682
22741
12422
6292
19580
63
31600
30623
26176
11136
14406
3216
12107
31232
3104
7733
28934
30230
25673
32698
8377
13179
27366
17089
6477
12799
11992
20404
8790
22650
739
22618
26705
7174
22543
22697
18985
10091
5966
6620
8193
5851
15968
27589
24365
7136
17396
2147
16257
7570
1808
21943
17871
10509
19890
31188
22443
17954
5816
30006
15473
1101
17149
14164
12170
21479
22981
24952
26602
32669
27739
11215
14557
23073
23800
8380
12292
29727
3303
8818
21658
28275
13799
28354
27644
15513
29393
5425
26473
27493
15226
4942
24326
16372
22491
2883
15909
17122
3695
18601
1222
3005
4573
1953
16990
24762
29143
12832
11736
32423
4930
1930
32474
7457
29591
25219
27721
775
15241
4354
29711
16175
25832
29350
20508
22871
30661
20814
15530
3934
8919
10212
29638
29364
13085
19321
524
31247
11973
10903
22706
23391
5965
5842
16584
16901
5864
19617
5053
13631
7459
11628
23846
17127
11976
24550
18875
16990
27906
19101
1954
17347
6083
7376
31729
32616
3939
22912
29038
22918
6538
6345
9369
20015
27983
29555
20716
22917
19105
19653
9057
12330
8422
28313
13877
23543
2275
11190
31211
4337
5596
31833
12181
20088
16892
18709
22607
8386
31223
22493
15884
5768
3053
3936
31125
16127
32146
1173
6606
17418
3468
1686
20539
29870
25628
7345
18116
21446
14081
10940
693
32504
25753
12202
30985
487
19018
21084
14312
27050
23072
12473
18798
11390
13239
9473
13230
14775
17500
30046
14839
17917
12911
8637
17238
10164
6155
17371
2651
22460
20714
13731
31264
27227
24450
29111
23688
5239
11636
25165
15813
4361
11047
4668
10525
31438
4784
29782
8941
28224
20982
13561
1006
1988
24595
18913
6583
4645
509
13376
12419
31041
16997
10513
27189
21762
8415
5033
1689
8336
15428
9871
237
29125
31828
28301
9888
17634
32416
7175
2905
12416
19112
30348
32315
5577
4416
11947
25704
8423
31544
520
7363
11709
19259
26031
20731
25813
22264
10919
22469
9370
7040
20683
3176
2760
28911
31701
16255
12832
8527
16060
9466
30816
26297
12608
25447
24690
5309
962
10352
25828
28933
1370
26276
20120
32564
20516
8314
25533
17428
4058
25746
765
17393
5800
24383
32504
16448
13371
9539
19954
30853
796
7129
25032
29299
8252
8697
15401
3412
208
24279
4866
25771
23134
22957
6458
17944
20760
16058
16288
15997
24682
30090
546
607
12751
27769
5439
13711
21992
15731
1983
22025
5071
4093
11425
19996
17065
23673
24917
29131
24954
29861
1067
27508
24894
30054
12044
23471
21813
1476
2664
12409
32126
1845
19567
30610
24551
6942
14468
12323
25348
8599
13038
24484
8062
5487
15569
28157
23470
26991
27741
3307
25962
19171
13638
11942
15903
27991
5492
20417
19744
17311
31227
6225
3134
18970
28749
6225
25241
17975
30639
9029
8630
7991
1769
3870
22737
13365
6722
23134
29300
21348
23979
32124
20552
13977
18235
27530
22828
10505
13787
1557
11652
14931
26691
2125
30163
8897
24613
11621
32653
15562
1447
5693
7206
14300
7959
12863
30319
26713
28890
12167
21026
22752
6566
13894
27067
205
32498
29544
24202
17411
23978
13940
28423
8169
21286
9908
26469
10674
29277
21399
106
16866
14678
9299
8317
8461
31456
27342
13057
8674
4227
7615
2529
27753
26806
32272
32108
26249
17746
11144
15972
3533
15943
27814
3665
7784
23694
11728
21019
11126
24927
31661
13016
3204
3491
31951
16611
17491
32172
11925
19758
17625
27940
26959
27865
13449
30531
28580
23299
6356
10053
3377
11488
2544
27932
2163
3083
21464
19042
27623
27422
10388
19345
27247
26753
18362
8566
25336
21375
16181
28387
18266
1951
10565
7845
27263
4657
3015
21941
31176
22055
15543
21939
9644
8742
28659
25487
15779
27869
21057
1674
17218
11158
21908
13149
14503
30474
4747
14263
11799
29306
25403
31213
21222
10491
6958
24813
3479
21778
171
30837
24389
18048
27448
9602
5698
23135
11102
32522
5117
14702
8108
7917
10793
20650
6911
32554
21275
14366
0
14158
18804
31739
13805
11827
17153
31723
23197
5094
21215
21667
21950
14313
14051
1975
12642
3995
5176
21939
23482
244
26442
32359
13856
17781
10979
23426
5467
31071
31380
2403
5919
11044
13399
4651
28884
32539
23922
20247
7064
15223
20127
29709
391
20602
27497
31092
4154
12518
26841
22601
21645
3765
26450
19567
934
20489
25530
4423
5427
20582
17370
19585
21234
16927
520
6962
375
17422
15363
29990
1578
32648
10526
23159
11919
25232
15265
32606
31946
19019
29036
27210
7522
12725
6109
14383
27205
14481
1780
31521
7948
5798
6069
26401
8833
20264
22990
16695
2398
14453
19578
17601
13912
11266
7845
29450
15196
29332
14929
286
24601
16563
7992
22493
29118
22363
20659
23119
16389
7414
23258
26167
27504
17031
13037
17131
26834
18728
30451
29282
24082
31670
20640
6287
15404
12491
32636
27885
14968
26860
20034
27228
5935
7428
30598
12587
16683
20753
15771
20342
20206
16158
14772
25522
26342
11889
9801
19846
31984
19205
10429
24796
2330
4411
24125
20281
7085
8652
12267
15177
29291
4610
12860
10943
29461
3112
5022
19036
12080
21567
24159
14412
21769
1266
4554
18617
12791
6348
22163
30875
10720
5033
21109
717
18430
24682
24345
19302
19683
14061
10298
5446
23995
7741
29959
13807
14546
24325
8392
15255
4950
31307
1733
14715
1117
30810
25955
11893
8489
9216
31889
14801
11947
1530
27490
4701
3143
13485
4347
29631
15319
19479
29872
30219
10994
8708
31082
917
8558
2693
24652
24836
31011
16542
24214
31656
754
18239
19145
29198
15623
22133
9484
2769
15962
10466
32462
3506
31612
15723
1453
13035
18576
24880
13718
7361
15511
5569
30254
3929
23026
10127
10097
23244
8225
2208
24985
11133
27345
17287
27714
13483
16918
6804
12491
26946
32757
10056
11263
14071
28453
3595
8949
30611
18198
6689
7988
3215
10547
21979
30235
22754
869
29450
24449
3351
31704
6073
24472
31138
18945
25372
2071
23412
8416
16067
21656
22221
3714
20499
9790
5202
29899
7671
8860
13407
32626
16083
31186
3230
15181
8890
22521
25561
13007
19936
1474
8204
13263
5970
31833
6847
8842
16356
28816
3986
32236
30059
6457
22810
30987
5677
13523
28651
19957
18582
4714
24566
11691
15149
8632
10262
29037
8390
20112
14309
28984
15608
11133
32724
9102
5329
12198
18299
27253
6089
3060
15917
12738
21749
23415
31184
17047
4221
13062
22507
28715
19792
21542
29953
457
7958
1838
11806
32284
22631
24744
24751
15273
26938
30201
23702
23197
416
17733
15486
3017
19634
21645
6252
18667
22471
19482
18071
25135
31211
4127
7802
1269
20365
7578
29223
8149
7800
11899
12766
18400
13829
26888
28126
809
8078
7808
10875
7301
13093
23806
14961
25742
25734
22689
4984
1006
23627
28650
20761
17114
12639
20325
22975
27100
22197
30860
23057
8150
4410
12264
2687
26948
2568
5753
29467
11457
20700
29272
8619
24781
25290
27291
1532
18125
2351
14969
26745
22355
9448
8111
12027
17312
14785
2081
25571
12391
20016
17093
13159
3540
29508
14269
21289
12493
2264
27587
2062
4472
4620
21194
15949
21245
11766
13794
26566
30861
2196
12381
5270
27555
22533
2096
31208
14217
14841
26012
23309
7711
1383
11789
2256
27096
25726
1602
27395
8453
19165
16302
18526
32342
7174
13598
16522
21149
5648
23197
11384
13270
21661
1172
22775
7525
12
10806
20358
26014
31984
10011
8550
11402
12224
16427
26868
10216
10448
28606
30006
28787
19583
15618
21428
13411
19378
8860
11401
29494
130
18578
9401
9904
818
5480
15045
32033
2916
23177
20861
2278
29068
8169
23830
2354
25764
21225
26236
12303
10274
23675
22761
2463
28199
25222
19895
26792
8697
14476
19059
31823
14003
17290
9522
29476
20027
21791
808
20319
19573
16881
9590
20585
10934
14157
30788
5535
8060
5133
6160
24146
28252
18623
16709
2834
29755
771
24080
17452
17345
10293
9839
26993
26123
25420
1675
12089
5024
18946
16199
3240
31143
23862
29977
24368
24407
26766
8473
26455
16302
1376
6231
699
11110
17619
7538
18259
1829
17729
12390
25591
31220
14048
4262
27171
8178
5026
9579
25848
21833
3673
16459
24963
11618
32031
28173
19522
27221
17141
18876
18404
2212
31914
1530
24913
13096
29951
8343
17642
13131
9224
29794
22802
12664
15829
7487
25069
22992
5202
25210
4711
14623
20588
7003
11897
26126
18037
16891
8872
19098
27082
10325
13518
8644
9139
928
12828
32138
4490
16861
15968
26903
28192
23980
10372
31543
10844
9315
26711
27917
31013
8801
10641
2312
21122
10656
2065
1555
12800
9866
24936
8972
5205
14094
24475
5752
30786
14322
8485
9845
26302
15467
8764
31983
18000
9195
19285
3095
32189
16954
18666
5905
10723
19912
4219
13037
27365
2114
14035
21465
3208
21859
31628
14997
3549
13325
11733
22055
19489
19864
20083
28111
21729
3946
4870
10045
9057
711
11918
15618
19775
22251
813
31045
25172
20822
8495
18615
987
6248
14151
31177
30421
3117
22555
31772
13740
8570
14595
13368
17686
29497
19982
14210
20540
32257
26439
1128
20508
14826
13110
2783
16939
1695
19113
6415
12863
7604
10676
76
7085
32570
14838
1609
26030
3217
21022
30344
32520
17790
20142
26645
23786
23421
10239
2932
24855
3929
10629
5336
27462
3321
11861
5782
6601
14717
1764
24536
32110
10122
27666
13206
17571
9697
9063
27586
8669
7223
14492
23747
28986
10817
28765
3365
24933
15630
22605
5519
9146
3737
6219
15605
26538
17311
26868
9486
9569
7086
21352
6921
31655
26495
7761
24700
9476
14725
3106
157
18472
1222
20125
1460
10121
7658
21400
8912
29774
21137
20224
9657
18540
2794
9758
17703
3087
10626
8217
7985
19003
7513
32701
31752
14515
23099
27258
10469
30490
11085
16560
32576
18776
5095
19242
27715
20799
12961
25064
3198
2927
23217
28705
12252
4982
22388
31112
22998
29500
3658
1231
4582
415
29351
3945
6207
5210
103
28309
21179
2347
12386
16792
1557
27189
6977
22857
12120
12707
16016
14547
4503
28814
6164
5047
19423
23840
2910
27920
2922
3066
17824
15387
11797
22740
5056
14838
26900
16995
24235
15528
18405
15744
16876
17250
6018
17286
28797
6149
4571
8188
23516
10723
23939
16756
20834
1482
13738
4530
465
3903
20043
6417
10028
24327
18598
28963
15563
27372
19441
19096
32174
23229
5707
2657
7442
11927
6641
16917
27970
6755
31412
1939
26800
15008
32683
28649
20804
1635
19749
12660
23028
8859
31457
12617
3733
31386
23170
32724
28144
16849
573
2239
27161
17115
28629
31253
17148
8126
22473
9896
28473
26477
29900
26544
1842
9361
27509
16820
26209
18824
5688
20654
30448
7598
19861
16234
23427
4060
143
20015
27481
4655
12640
11425
13459
25355
10859
10982
30931
26463
32626
1544
22537
31274
12041
21402
7562
21822
30794
20639
25443
30532
14539
6055
32748
11008
26317
571
29088
5078
31670
14715
15659
25485
25282
14854
29125
7508
16373
20250
18367
2562
9044
18685
3419
16802
31828
29339
21985
28207
24979
2672
7919
11164
198
17064
24593
10519
19186
3205
14481
28559
12512
13058
12177
29044
971
2230
14934
18366
20059
11514
31975
16432
14807
11342
30935
8414
21398
32761
7775
17645
18102
12528
29616
30362
24081
8697
18054
10877
25197
17680
7169
15
10483
16394
21169
11115
26083
17528
10991
11345
6021
7886
10612
30320
7523
16581
2084
28389
20405
19197
10539
25343
11037
23015
16459
23621
25748
6626
9844
30138
31140
26276
2966
5727
4313
31196
31411
13562
15986
27925
25656
2326
347
4830
8845
19787
3168
27432
11499
30399
12187
14063
27758
1517
30254
28445
26475
21669
19512
8875
14083
1364
16641
9
31480
30598
14712
3520
16320
26025
9952
22102
2776
4116
5574
2929
347
6472
10550
25664
23763
30581
22062
15127
8783
8000
29523
11865
20406
19395
28899
18587
29530
2005
19691
29702
25040
23692
6074
15613
32256
18689
7317
10240
18296
26451
684
7889
8966
25327
31309
14549
4485
9230
19032
25276
18679
21631
20979
10597
25556
8614
21118
11259
6818
24517
5578
31077
15302
29306
17541
23773
21914
7817
249
24030
18111
10460
6647
30532
10421
26312
27149
18863
18600
9106
14079
19752
8845
32562
9589
17927
4718
10838
5362
275
12290
9130
30725
6892
2177
23127
31939
22182
10934
22985
6516
18359
14678
25270
20877
21267
30608
5468
18143
19349
997
4362
27405
11681
13626
11489
25923
15880
20012
11740
37
4139
31395
7694
13318
14180
19370
10539
8539
10145
9598
8778
3951
2386
21476
5865
17240
1158
14528
4914
17193
18256
18660
31613
22889
19312
19238
7957
27844
7983
3509
26687
1
13707
1453
19832
28212
404
3304
26623
14133
24854
12824
21395
28752
6776
20242
15230
11582
29156
22893
14546
30036
6569
8524
26099
6395
477
29304
19285
31584
19270
19378
2439
9325
24955
8263
25713
12023
70
22500
5082
26425
10317
172
32045
11649
18161
26504
14972
28969
5495
2750
4805
22473
29541
6854
18292
25771
16431
32089
23338
13439
30739
1738
13757
8528
6210
23961
18816
25271
3648
15430
7620
32335
13965
1379
25246
7272
11909
24045
29163
5376
32133
16860
24978
18671
22863
18169
2825
7009
2480
496
11291
8073
12128
16806
1256
20116
29225
5324
5933
23004
23115
19893
27333
27999
22816
30820
31600
30319
17660
30442
13268
17067
19543
14319
6593
2861
9262
15246
4025
16389
30118
23142
20400
10214
20211
749
784
10272
7032
24840
7168
18638
26415
9177
21478
18769
29004
21976
29482
22781
21021
31526
17982
18449
14389
27166
25563
17645
201
4652
10381
31103
12122
9442
2929
7423
2196
21832
12349
19932
21623
8564
23170
18422
2996
23131
9774
19213
29786
24039
10581
17785
29105
14154
25393
5916
2918
6545
7271
150
28649
26748
7307
4791
30228
17293
22759
12858
25101
18271
120
944
29037
31033
2362
21434
29346
4323
8870
20347
27538
5304
12664
8525
4992
31741
14517
17843
9268
19313
21485
11408
18006
24613
9917
31382
7452
23694
26009
32512
13605
27609
23496
12676
23204
20350
4784
19587
6848
27416
32340
22404
29755
17012
21275
13792
31570
7656
26835
3518
29925
18662
20213
6978
11480
7888
30251
17410
3001
23054
4879
32442
12195
22879
7734
25408
3170
20332
5485
30394
22231
4259
25154
2062
16286
29506
2503
12442
16623
30130
2450
19750
962
7959
1544
790
8247
20005
11740
9700
15668
27189
30418
4302
21328
10904
6089
18636
5872
26667
25592
31429
19887
11563
27512
10754
4868
30539
1282
8931
20511
24580
9467
1489
27411
7981
9645
32371
28986
7115
25816
31525
16597
32554
23145
30886
30196
32301
3209
13840
7830
19682
1241
25870
31248
28761
11004
10825
18355
25271
10327
547
26793
15750
14612
23976
22816
24143
3693
3009
17579
14699
9767
17067
14820
20246
15196
23976
16727
30405
13438
8949
23451
29882
12953
9723
10946
3541
9688
6601
19188
3501
2891
10178
7766
29407
14311
7827
4144
13734
21711
3433
4944
23724
28882
8032
24489
21536
19252
19262
13120
15113
15281
11105
6729
6874
23487
4598
652
15686
21780
11628
7694
5205
31080
20776
22766
26808
1916
13947
26253
16986
16731
18897
10737
16183
14303
22571
32108
19569
28536
12495
7544
30112
16937
3901
15078
15978
8915
24934
30776
14933
9654
15897
22091
22232
29237
8126
21561
3000
473
14150
18045
26002
20633
27490
10584
7859
25177
22515
29300
14896
16816
25026
9672
21812
23534
12914
12731
8852
24158
12467
22156
17577
30920
18616
7409
31070
10554
6378
8190
19592
29960
22238
11849
17526
13074
132
1612
15561
19269
11682
12810
25478
3941
5505
17910
3178
4361
7399
1808
20094
6375
68
15441
8171
9041
28208
12105
25614
1536
9749
8199
8143
8977
28457
12345
18479
19789
31648
2452
24353
16813
3103
17270
21147
23069
26483
19402
20972
23937
31363
22317
3408
4342
13443
7246
5058
28250
29547
24219
17169
9230
5288
3098
32310
16890
32273
29332
7653
14290
13084
20473
20322
2200
19026
16896
21910
22371
22272
22798
24674
12638
6960
21081
28211
14611
5591
15693
27607
5866
16720
4143
1679
21228
5641
28672
25701
31693
9597
12196
14015
16170
24930
19011
23349
22287
25379
23792
32416
28860
18320
25480
30323
28841
29397
15581
17487
14279
20648
14868
30673
19977
25799
15692
25263
5667
16290
11137
21251
28306
11092
13743
18406
25564
9432
15674
21569
22553
30074
22413
9184
17330
139
13569
22216
29545
6489
28417
9931
26521
30047
365
2905
14527
3768
29499
20377
9530
2778
29284
20152
11343
31104
26366
19074
23152
32744
16805
4143
10942
17471
2336
24447
8652
11610
27458
18441
1446
19110
21773
28879
22290
30818
22046
32279
28693
5131
21317
2422
27577
21784
19571
24622
15118
7656
14809
31674
2927
22777
17486
26790
25094
13914
23793
4004
4243
23907
30736
5341
26472
26275
28489
16773
18616
12826
20207
11186
274
28072
4784
4206
2345
24518
5492
5130
5334
19060
14471
23734
4960
31346
1531
15183
1274
22195
21064
22136
18829
1039
8502
3052
19640
28984
20989
31763
13078
24303
22186
29651
27839
14456
31428
10408
20753
20555
32048
31479
10160
21772
338
12959
17099
4797
7029
27090
3745
21555
31853
6691
14916
30918
122
32735
23965
4685
9584
18337
16561
8010
11285
14881
10274
13665
26827
23117
19193
12303
1903
10651
21922
14232
18048
1693
7736
13377
28036
22998
28164
448
679
1228
1088
30449
934
18270
13856
5578
9707
3928
20499
30609
25082
26181
7238
18764
19979
29060
12905
27770
3064
14494
29879
4096
20058
9687
24112
21862
14575
29955
1577
22083
8256
1179
32007
7670
27776
15632
26184
27543
9142
607
29635
20526
24351
25574
9776
32034
12237
32374
30442
22260
13973
17577
20212
8236
29480
8566
28474
20628
3712
10498
11802
27813
9342
19385
11811
28991
20689
16286
29213
10141
793
5087
29257
30087
24140
8877
5866
32201
10073
21834
15363
9445
1804
28260
8803
19973
9010
20129
29151
25651
21245
26491
12511
972
29354
20558
21788
22578
6752
12719
20903
450
15452
31488
17966
6150
28235
5697
13179
7211
25079
3625
22845
28597
20774
23158
8459
9073
24767
18049
15014
12971
16175
9749
19838
32418
523
19585
25464
7737
1783
31212
28911
21999
23494
13033
7673
19473
29155
13900
13547
19759
8431
1339
23071
13516
15531
12680
28916
20057
16921
26174
21015
16997
24542
24185
14081
25614
24043
15995
32449
29371
10332
765
12284
9229
416
31427
23602
2578
8155
32371
18498
10684
14728
23207
32305
21906
17763
8257
11303
8358
29062
20223
29882
32199
5586
3663
5231
24311
9616
26724
126
26912
25688
15241
25302
4098
25138
21941
5985
11888
764
28256
3721
28348
5388
29334
14587
6000
15126
22346
24747
4158
11599
26092
4888
13114
5586
14142
209
15943
3139
20579
30264
30927
29875
5688
20870
25016
17860
2792
6671
31123
31246
2491
7368
32022
12481
29999
12806
9164
16779
2890
4232
14091
18364
21550
20920
5415
26792
24302
2862
29925
22860
16544
8566
32050
26421
2484
14355
1301
2206
9604
25283
4067
14297
22571
31749
22962
7664
20123
17625
2063
20619
29930
12743
21236
10004
1773
2338
14836
27418
3848
13966
6585
26611
18244
30656
13744
7590
4258
18053
2563
6920
29872
9222
31176
17188
25945
10570
11640
480
12033
252
13730
13278
20690
11887
17888
17825
12112
17887
7179
19953
21812
31226
26539
10112
13943
8862
17841
19917
10669
8421
9321
329
2964
17503
9130
30393
16621
5534
17744
5595
2698
10744
491
2892
24489
25736
5561
12713
17024
18550
6610
5620
17177
16504
15779
6970
9312
32665
13469
371
22395
24378
11310
21418
16729
24150
24049
350
32398
9738
4642
10023
6494
14164
9812
19101
26135
9755
27750
3445
31141
1391
30131
7149
28256
26899
7817
23147
27432
8248
28125
5728
8372
3468
7484
15987
12583
16499
23813
26076
13796
13204
10454
5901
22436
21656
16452
14744
11462
14638
6095
3917
20966
9555
22036
3234
28848
18128
12613
4185
10486
18948
16599
15964
4097
11235
6010
492
14885
27967
14670
31482
664
2887
16980
23253
1413
24909
20771
29702
91
22476
2524
376
3179
1193
17759
26845
26546
8377
16575
31820
16371
30340
24820
32559
13322
11848
24272
29276
32636
6977
28469
27522
1106
28200
15236
31687
10024
28922
15960
27055
12673
12282
22645
16960
11869
13305
12795
1380
29966
12757
15328
29070
22087
21312
26012
12960
8054
31938
23334
30733
26707
13569
24352
13882
24249
4417
5454
5931
1206
19239
20813
24155
5342
25538
15746
17387
228
30668
28240
2815
15979
10540
13710
22374
22041
16832
19000
1657
26861
29530
6244
3909
8147
22792
19832
11756
14710
7577
29851
24136
10838
27484
14185
27090
794
2347
5867
3266
4391
18600
12486
30328
28017
10695
25778
10523
28049
22413
28206
31872
11033
25111
18035
18509
5412
23005
25254
31070
16433
12344
8785
5735
26673
290
532
30683
22750
10813
26264
14093
12367
21272
5061
6294
12233
19117
9269
30198
3801
24110
5352
27262
1183
3329
14649
18285
31597
15881
11024
4953
8849
23079
2906
6352
21102
28672
9910
18496
30418
17665
21105
28948
29571
30625
5557
5664
14107
5862
29437
24895
28694
21291
26060
31290
6186
11296
26783
17644
18903
16402
5920
19108
5182
8301
16540
21195
16694
20351
32439
28359
16797
19326
9311
32030
13292
19149
6398
26591
14606
3451
29684
8766
2931
26637
27716
10622
3168
27517
28813
3348
15241
20098
31549
16905
19681
31762
30465
17824
20657
27429
18304
21305
8679
9149
19016
12661
3761
5411
25608
23195
28491
8563
28161
1082
7958
602
6071
18960
3049
27423
4332
43
20395
3040
4046
28750
2082
23071
1904
1686
24838
17021
8823
12637
1114
10180
22038
30815
25852
21291
8508
3867
6010
14806
19467
26237
11559
15261
15245
441
17774
16142
11682
4730
18791
20149
28989
8252
1448
7067
28368
16118
5726
2316
5381
6397
22940
9629
32175
20517
23538
13678
24320
31273
29506
12717
7420
15437
31695
24923
3885
19009
27543
28499
20121
19529
12259
8584
8177
28827
2332
5518
19979
11272
22752
9820
2194
28127
5717
24400
6909
19215
23741
8307
4029
25739
18507
22527
5051
3315
5429
29982
11777
29040
13579
30709
8119
18912
20039
17121
82
21555
23077
4352
27144
7956
21685
13812
19079
26572
13102
2787
11238
3940
5253
11458
2524
27402
24638
28628
1840
29623
18307
11373
6000
6414
23667
18684
28902
15238
13244
9544
23240
4555
17516
19194
11183
32098
31236
1884
3146
4748
11470
21088
21076
22382
29809
9956
1987
32366
2243
12340
29251
8160
9438
28881
12002
14050
8310
18033
13837
25988
13162
28486
23483
17453
6040
29827
8168
16442
31990
7709
25413
19943
991
21454
21550
29043
12714
3936
10204
25471
4993
17448
29660
21688
880
24529
15295
5301
17341
18523
1812
8226
25720
31586
5011
23071
10066
12964
30619
29923
21939
12734
18655
19877
15622
8502
7004
16316
17752
6846
27790
13061
22049
19127
20195
27013
32097
19189
26992
20559
3311
6850
8162
22440
8718
22565
30392
5738
19266
7780
1968
15526
16482
11719
6783
6541
24813
16543
13765
14481
27809
12679
15424
22983
10826
22250
27200
18832
28889
14277
18267
23416
18101
32174
24673
3166
2902
18454
23955
4054
24335
17611
18703
19659
15659
12736
6543
3433
31804
11281
21843
26169
10416
28738
24924
6286
28069
28616
20699
29729
32767
24522
18665
31736
16311
9512
