500
70
129
177
214
282
332
358
718
797
882
914
940
971
1024
1124
1136
1176
1455
1461
1478
1559
1607
1797
1836
1886
1913
1969
2017
2034
2116
2146
2146
2154
2272
2283
2284
2414
2540
2590
2656
2669
2709
2742
2752
2781
2883
2935
2949
2965
2998
3049
3116
3126
3189
3192
3234
3436
3512
3557
3645
3820
3826
3858
4005
4090
4101
4159
4163
4203
4204
4220
4275
4296
4322
4411
4417
4422
4602
4743
4781
4854
4996
5013
5055
5147
5202
5270
5297
5303
5319
5354
5592
5601
5648
5656
5708
5821
5969
5997
6054
6104
6155
6316
6349
6511
6636
6820
6829
7004
7013
7172
7322
7373
7519
7542
7609
7695
7733
7760
7853
7884
7965
7979
8030
8256
8262
8352
8723
8785
8932
8941
8971
8975
9064
9300
9312
9384
9470
9476
9544
9605
9614
9633
9642
9670
9690
9790
9915
10040
10072
10148
10151
10238
10240
10444
10488
10549
10691
10775
10829
10876
10916
11041
11162
11286
11302
11310
11325
11394
11498
11523
11577
11618
11675
11692
11719
11720
11759
11761
11790
11846
11857
11915
11918
11993
12087
12154
12221
12258
12270
12279
12330
12515
12742
12777
12782
12796
12809
12813
12902
13051
13100
13157
13192
13273
13306
13392
13477
13479
13533
13575
13598
13695
13699
13797
13882
13896
13974
13997
14210
14308
14314
14337
14391
14503
14596
14598
14678
14744
14756
14839
14907
14912
15033
15063
15278
15434
15446
15723
15740
15743
15759
15760
15773
15779
15810
15818
16129
16300
16323
16415
16441
16519
16559
16887
17037
17067
17150
17196
17376
17396
17398
17417
17468
17527
17592
17593
17642
17677
17740
17744
17794
17840
17905
17934
18052
18108
18255
18330
18413
18438
18520
18589
18652
18767
18777
18821
18822
18893
18924
18980
18999
19052
19127
19166
19210
19265
19330
19358
19411
19495
19529
19652
19865
19972
20008
20137
20144
20232
20383
20508
20525
20596
20625
20634
20653
20661
20722
20735
20759
20802
20810
20826
20888
20891
20897
20977
21112
21146
21262
21269
21313
21387
21443
21700
22076
22092
22133
22141
22199
22214
22240
22255
22459
22474
22807
22809
23026
23036
23102
23124
23139
23144
23367
23531
23614
23649
23701
23714
23715
23731
23870
23897
24057
24409
24437
24473
24587
24628
24671
24693
24744
24898
24936
24973
25012
25137
25168
25193
25256
25324
25324
25472
25523
25845
25871
25880
25895
25908
25950
26179
26262
26276
26288
26353
26561
26579
26580
26637
26831
26892
26898
27133
27148
27274
27326
27354
27461
27499
27506
27514
27571
27587
27595
27657
27674
27702
27828
27834
27936
28013
28081
28109
28141
28147
28175
28458
28588
28647
28803
28851
28856
28939
28943
28984
29009
29150
29208
29230
29335
29391
29421
29435
29495
29599
29616
29633
29654
29703
29741
29795
29828
29863
30048
30095
30157
30351
30354
30425
30426
30464
30510
30567
30627
30679
30729
30823
30824
30868
30974
31046
31202
31220
31337
31347
31407
31562
31710
31750
31764
31794
31802
31811
31878
32013
32019
32121
32131
32194
32219
32239
32404
32410
32496
32506
32578
32620
32625
32649
32653
