500
7004
882
27274
10151
26580
5297
2590
10549
13192
27834
19411
5354
13100
9670
30729
3189
20802
20891
9605
10072
29654
30824
19652
2284
19052
32496
9614
6054
14391
14314
718
14744
11915
9384
8352
14907
2965
10488
6316
15723
20810
13896
28851
25523
18589
12813
30567
971
25845
7013
25472
7519
31710
13306
26892
26898
9470
12330
14598
10691
22092
12902
7979
8975
4220
5592
12809
22807
12221
19529
18777
32131
13479
21313
11918
11719
6511
1136
15278
26276
1886
17740
23649
20722
129
23036
9544
19358
20897
24437
30095
22255
24693
12515
22214
17677
10775
15434
3820
21443
1461
2669
6349
4996
32649
32239
30351
16300
24587
3512
4743
27657
13157
32410
8785
11162
25895
24628
16415
5270
17468
20759
11857
17840
797
20008
31046
20634
2116
4422
27506
11720
8932
17196
1969
7542
30679
1176
32219
6636
15063
4781
19865
16129
2034
2709
2935
19166
28984
4204
31802
7172
5303
23897
31347
20625
20137
30974
23124
27326
23531
8723
16323
7853
177
10829
6829
11618
1913
18821
15773
28943
11325
11286
17037
32404
18413
16519
12796
70
20508
2154
8256
11759
32506
28803
13598
1559
14210
29741
20888
11394
31220
4090
18438
4602
31878
18330
23144
18767
15446
17150
29435
11675
6820
18108
19210
15818
23102
2998
29703
20826
4411
14839
30426
2656
25324
2781
32121
10444
5648
22141
15033
8941
23367
4163
1124
10040
22474
30425
21387
27461
18520
31562
7965
27674
20596
9064
17593
940
18893
27499
29633
30627
10238
27354
20144
25950
17527
16559
13997
12087
9915
2742
30048
20232
7373
27702
14596
12782
14308
26579
5821
332
358
4275
1836
32019
31764
22240
4417
19265
17794
29421
5969
24744
27595
13533
31337
26353
19330
14912
2017
17376
2540
20383
25908
9690
32620
282
28175
14756
9790
7760
14503
28013
24936
13695
13392
25871
12270
18924
5708
914
8262
18822
2272
11761
6155
1478
20653
11041
17398
13273
23614
17744
17417
14337
29150
4203
26637
16441
28588
31202
4159
29208
20977
1455
1607
12279
29616
23701
25193
14678
15743
4005
20735
10876
13974
13575
19495
8030
11302
16887
7609
32194
25324
17934
15740
10916
1797
27587
24473
11993
19972
25137
18255
3826
32578
5147
12777
23139
22133
20525
28141
13797
29828
18052
29335
25880
21146
32625
2949
5997
27514
12154
27828
31811
3858
3234
17067
25168
5202
2283
4854
26179
23870
5656
214
29863
24898
22199
18999
8971
12742
24671
4322
9312
11523
29495
17396
23714
21269
19127
15759
22459
29009
27571
26831
10148
6104
5013
1024
28109
3436
11498
21262
5055
13699
27936
22076
30464
7322
32653
22809
3126
7884
25012
28081
15760
23715
21700
10240
2146
29230
2146
11692
7695
9300
25256
28147
3116
30823
2414
5601
12258
27133
4296
5319
30868
13051
29391
17642
15810
23026
13477
3192
11310
31407
23731
2752
3645
32013
7733
9633
29599
11790
24057
2883
31794
28458
29795
31750
18980
28647
20661
28856
24409
9642
24973
28939
27148
30157
26288
11846
17592
17905
4101
13882
11577
26262
3557
21112
30510
3049
30354
26561
15779
18652
9476
