500
32653
32649
32625
32620
32578
32506
32496
32410
32404
32239
32219
32194
32131
32121
32019
32013
31878
31811
31802
31794
31764
31750
31710
31562
31407
31347
31337
31220
31202
31046
30974
30868
30824
30823
30729
30679
30627
30567
30510
30464
30426
30425
30354
30351
30157
30095
30048
29863
29828
29795
29741
29703
29654
29633
29616
29599
29495
29435
29421
29391
29335
29230
29208
29150
29009
28984
28943
28939
28856
28851
28803
28647
28588
28458
28175
28147
28141
28109
28081
28013
27936
27834
27828
27702
27674
27657
27595
27587
27571
27514
27506
27499
27461
27354
27326
27274
27148
27133
26898
26892
26831
26637
26580
26579
26561
26353
26288
26276
26262
26179
25950
25908
25895
25880
25871
25845
25523
25472
25324
25324
25256
25193
25168
25137
25012
24973
24936
24898
24744
24693
24671
24628
24587
24473
24437
24409
24057
23897
23870
23731
23715
23714
23701
23649
23614
23531
23367
23144
23139
23124
23102
23036
23026
22809
22807
22474
22459
22255
22240
22214
22199
22141
22133
22092
22076
21700
21443
21387
21313
21269
21262
21146
21112
20977
20897
20891
20888
20826
20810
20802
20759
20735
20722
20661
20653
20634
20625
20596
20525
20508
20383
20232
20144
20137
20008
19972
19865
19652
19529
19495
19411
19358
19330
19265
19210
19166
19127
19052
18999
18980
18924
18893
18822
18821
18777
18767
18652
18589
18520
18438
18413
18330
18255
18108
18052
17934
17905
17840
17794
17744
17740
17677
17642
17593
17592
17527
17468
17417
17398
17396
17376
17196
17150
17067
17037
16887
16559
16519
16441
16415
16323
16300
16129
15818
15810
15779
15773
15760
15759
15743
15740
15723
15446
15434
15278
15063
15033
14912
14907
14839
14756
14744
14678
14598
14596
14503
14391
14337
14314
14308
14210
13997
13974
13896
13882
13797
13699
13695
13598
13575
13533
13479
13477
13392
13306
13273
13192
13157
13100
13051
12902
12813
12809
12796
12782
12777
12742
12515
12330
12279
12270
12258
12221
12154
12087
11993
11918
11915
11857
11846
11790
11761
11759
11720
11719
11692
11675
11618
11577
11523
11498
11394
11325
11310
11302
11286
11162
11041
10916
10876
10829
10775
10691
10549
10488
10444
10240
10238
10151
10148
10072
10040
9915
9790
9690
9670
9642
9633
9614
9605
9544
9476
9470
9384
9312
9300
9064
8975
8971
8941
8932
8785
8723
8352
8262
8256
8030
7979
7965
7884
7853
7760
7733
7695
7609
7542
7519
7373
7322
7172
7013
7004
6829
6820
6636
6511
6349
6316
6155
6104
6054
5997
5969
5821
5708
5656
5648
5601
5592
5354
5319
5303
5297
5270
5202
5147
5055
5013
4996
4854
4781
4743
4602
4422
4417
4411
4322
4296
4275
4220
4204
4203
4163
4159
4101
4090
4005
3858
3826
3820
3645
3557
3512
3436
3234
3192
3189
3126
3116
3049
2998
2965
2949
2935
2883
2781
2752
2742
2709
2669
2656
2590
2540
2414
2284
2283
2272
2154
2146
2146
2116
2034
2017
1969
1913
1886
1836
1797
1607
1559
1478
1461
1455
1176
1136
1124
1024
971
940
914
882
797
718
358
332
282
214
177
129
70
