6000
0
16
20
21
25
38
49
51
52
53
57
58
63
64
66
67
67
71
73
79
84
89
90
93
98
106
107
116
117
119
122
129
129
129
130
134
140
145
146
146
156
159
163
166
173
174
176
183
186
188
190
197
205
209
213
219
225
226
233
234
236
242
246
252
257
282
285
288
289
289
290
297
302
311
321
334
338
340
341
344
349
349
352
369
374
380
391
391
394
402
431
431
439
439
442
460
468
470
473
475
489
499
505
517
523
531
534
540
541
542
546
553
554
558
563
568
586
592
597
599
601
604
605
607
610
611
615
616
639
644
646
650
661
661
662
667
674
676
680
682
689
690
692
698
701
701
716
717
719
721
730
732
741
749
757
758
763
780
783
798
807
813
814
817
821
830
833
839
842
842
845
850
857
859
860
883
892
892
900
901
905
907
911
920
921
923
924
928
937
938
940
941
945
954
963
965
970
971
972
975
983
983
984
986
998
999
1003
1005
1014
1016
1018
1022
1023
1024
1031
1031
1056
1058
1060
1065
1070
1071
1077
1078
1080
1083
1091
1097
1109
1111
1116
1117
1117
1121
1129
1130
1132
1135
1137
1139
1144
1146
1147
1172
1187
1196
1199
1206
1218
1220
1221
1226
1242
1245
1250
1261
1265
1266
1267
1280
1292
1296
1300
1310
1311
1318
1338
1350
1356
1362
1364
1369
1372
1378
1384
1384
1384
1388
1393
1394
1399
1405
1431
1433
1438
1442
1444
1446
1451
1460
1466
1468
1468
1469
1471
1480
1482
1488
1488
1489
1491
1492
1493
1494
1496
1503
1535
1537
1541
1545
1550
1569
1575
1586
1587
1599
1607
1608
1610
1612
1615
1622
1627
1627
1630
1631
1636
1637
1640
1646
1648
1658
1667
1674
1681
1684
1695
1695
1706
1707
1711
1711
1716
1733
1734
1735
1738
1744
1744
1749
1750
1751
1754
1754
1767
1781
1793
1796
1801
1802
1809
1811
1820
1831
1833
1835
1843
1848
1854
1859
1863
1881
1883
1892
1892
1896
1901
1906
1907
1910
1922
1924
1926
1927
1936
1946
1948
1950
1954
1954
1965
1966
1966
1966
1976
1985
1993
2004
2020
2031
2033
2048
2062
2063
2064
2072
2073
2086
2106
2107
2110
2111
2116
2123
2127
2130
2139
2145
2146
2152
2152
2159
2165
2166
2168
2172
2180
2181
2184
2185
2195
2198
2198
2199
2210
2214
2216
2216
2218
2230
2232
2236
2242
2247
2249
2256
2261
2264
2265
2266
2269
2270
2274
2275
2276
2287
2317
2323
2325
2335
2336
2342
2348
2357
2358
2376
2379
2385
2388
2392
2396
2401
2418
2425
2438
2446
2446
2467
2468
2474
2476
2478
2480
2482
2496
2497
2502
2513
2516
2518
2518
2525
2525
2531
2533
2533
2536
2538
2546
2570
2571
2580
2584
2590
2600
2602
2605
2606
2609
2611
2615
2622
2631
2644
2646
2649
2651
2655
2662
2667
2673
2680
2683
2687
2693
2695
2696
2700
2709
2718
2732
2734
2742
2753
2766
2780
2783
2792
2794
2803
2815
2822
2826
2830
2833
2837
2838
2845
2851
2854
2859
2862
2862
2871
2874
2876
2879
2882
2882
2885
2889
2892
2893
2913
2919
2925
2935
2944
2945
2967
2968
2970
2976
2993
3010
3012
3015
3020
3023
3029
3031
3038
3042
3047
3047
3049
3072
3078
3078
3080
3090
3119
3120
3125
3130
3134
3137
3139
3141
3147
3153
3156
3157
3165
3173
3182
3188
3192
3193
3199
3201
3204
3206
3215
3222
3241
3253
3262
3263
3265
3279
3281
3289
3295
3300
3319
3323
3323
3323
3326
3339
3342
3345
3346
3349
3365
3373
3375
3378
3379
3407
3413
3414
3418
3419
3427
3433
3435
3447
3460
3468
3473
3482
3483
3487
3497
3499
3507
3508
3510
3512
3515
3522
3529
3530
3535
3536
3539
3543
3544
3552
3557
3570
3571
3573
3582
3586
3586
3588
3602
3604
3611
3613
3614
3615
3622
3625
3625
3629
3634
3638
3648
3662
3668
3675
3679
3680
3682
3689
3689
3700
3706
3719
3730
3731
3734
3737
3749
3752
3762
3770
3777
3779
3780
3786
3786
3799
3801
3807
3813
3815
3817
3838
3848
3850
3851
3860
3861
3867
3868
3868
3874
3876
3881
3885
3887
3894
3898
3900
3912
3921
3932
3935
3940
3950
3955
3972
3982
3984
3994
4009
4010
4018
4021
4041
4049
4053
4055
4058
4063
4064
4065
4073
4074
4081
4088
4101
4106
4110
4124
4129
4129
4138
4138
4145
4147
4147
4160
4161
4161
4161
4170
4170
4176
4190
4190
4195
4196
4196
4214
4216
4220
4226
4227
4235
4237
4252
4253
4267
4272
4276
4277
4285
4293
4294
4314
4318
4328
4331
4331
4332
4340
4343
4345
4353
4358
4367
4371
4373
4385
4385
4386
4386
4387
4390
4390
4400
4405
4416
4431
4432
4436
4440
4440
4454
4463
4465
4468
4475
4478
4478
4480
4486
4491
4493
4494
4498
4507
4521
4524
4529
4537
4537
4549
4551
4555
4558
4559
4561
4562
4564
4572
4573
4577
4582
4583
4588
4592
4595
4600
4604
4616
4618
4632
4632
4635
4642
4643
4645
4646
4649
4652
4655
4660
4660
4666
4670
4683
4683
4686
4695
4699
4700
4706
4710
4718
4730
4736
4738
4745
4745
4746
4751
4755
4756
4757
4760
4761
4765
4766
4768
4776
4778
4779
4782
4783
4784
4786
4786
4788
4789
4795
4797
4797
4797
4801
4802
4832
4836
4838
4843
4846
4850
4853
4862
4875
4878
4886
4887
4888
4896
4897
4901
4910
4916
4920
4922
4926
4937
4939
4940
4942
4944
4955
4956
4956
4960
4964
4978
4983
4988
4991
4992
5000
5010
5021
5026
5039
5040
5041
5048
5049
5060
5068
5076
5077
5081
5081
5084
5092
5093
5096
5099
5103
5108
5111
5114
5116
5121
5128
5132
5133
5138
5152
5157
5158
5160
5166
5170
5172
5175
5178
5185
5189
5201
5201
5208
5209
5222
5222
5232
5245
5246
5249
5254
5259
5264
5266
5274
5279
5281
5301
5308
5311
5313
5335
5336
5341
5343
5344
5352
5356
5364
5368
5369
5377
5388
5390
5390
5394
5399
5403
5404
5408
5414
5415
5416
5420
5427
5433
5438
5445
5445
5452
5458
5473
5477
5483
5492
5498
5499
5503
5512
5512
5516
5535
5535
5545
5560
5565
5579
5580
5580
5592
5599
5599
5634
5648
5651
5653
5657
5661
5675
5677
5697
5699
5705
5709
5716
5717
5724
5730
5738
5740
5741
5741
5744
5748
5748
5762
5763
5768
5770
5783
5788
5789
5789
5804
5805
5805
5806
5810
5810
5812
5819
5820
5825
5832
5838
5840
5843
5846
5848
5850
5856
5856
5860
5863
5863
5866
5873
5894
5897
5897
5899
5900
5905
5912
5916
5926
5932
5937
5941
5943
5944
5945
5948
5955
5965
5979
5983
5983
5989
5990
5995
6006
6024
6029
6036
6040
6042
6043
6044
6057
6063
6067
6069
6074
6089
6092
6097
6107
6113
6119
6121
6122
6127
6146
6156
6167
6174
6179
6185
6188
6190
6192
6195
6198
6199
6203
6206
6211
6213
6214
6216
6217
6218
6223
6233
6234
6234
6234
6242
6251
6253
6264
6267
6267
6271
6287
6290
6297
6303
6311
6313
6317
6321
6323
6327
6333
6336
6337
6338
6342
6347
6354
6361
6365
6372
6373
6374
6379
6379
6386
6392
6394
6395
6396
6398
6401
6425
6425
6436
6440
6463
6467
6471
6477
6493
6498
6508
6508
6509
6515
6517
6517
6517
6529
6530
6537
6539
6550
6553
6561
6564
6586
6588
6588
6593
6597
6603
6610
6616
6618
6622
6623
6626
6629
6633
6635
6642
6642
6651
6666
6672
6672
6673
6677
6679
6680
6689
6693
6701
6702
6704
6704
6705
6715
6719
6728
6741
6744
6744
6744
6746
6750
6756
6758
6760
6771
6774
6790
6796
6800
6809
6811
6813
6814
6815
6824
6844
6858
6862
6862
6863
6865
6890
6894
6895
6896
6899
6901
6920
6926
6936
6940
6951
6955
6964
6978
6981
6985
6987
6998
7013
7022
7023
7025
7029
7033
7035
7040
7043
7053
7056
7057
7064
7069
7077
7085
7085
7089
7102
7109
7115
7118
7125
7126
7127
7131
7139
7139
7140
7160
7166
7170
7176
7177
7200
7201
7209
7210
7212
7215
7224
7224
7225
7234
7249
7257
7261
7275
7282
7285
7293
7313
7314
7327
7329
7329
7333
7333
7344
7349
7351
7361
7365
7370
7384
7387
7387
7395
7396
7404
7405
7423
7437
7451
7452
7457
7460
7461
7464
7465
7466
7467
7473
7474
7479
7479
7483
7483
7484
7485
7487
7494
7495
7506
7507
7514
7520
7541
7543
7544
7547
7547
7550
7554
7561
7561
7563
7567
7568
7576
7577
7580
7582
7584
7588
7592
7597
7600
7604
7605
7607
7612
7616
7616
7627
7636
7641
7649
7650
7652
7653
7656
7657
7659
7667
7668
7676
7683
7683
7684
7695
7696
7698
7712
7718
7724
7732
7735
7742
7759
7774
7777
7782
7797
7802
7806
7810
7811
7813
7814
7828
7829
7845
7851
7857
7857
7866
7870
7873
7873
7901
7911
7914
7922
7933
7941
7941
7943
7947
7947
7948
7950
7955
7957
7963
7963
7965
7966
7975
7980
7984
7984
7990
7990
7991
8007
8007
8010
8013
8029
8029
8031
8034
8035
8038
8043
8072
8085
8100
8108
8111
8114
8120
8121
8122
8130
8137
8152
8157
8181
8188
8193
8195
8202
8203
8206
8206
8208
8209
8216
8216
8223
8238
8248
8248
8252
8254
8263
8265
8270
8280
8284
8293
8303
8313
8319
8330
8332
8336
8347
8351
8357
8366
8369
8383
8384
8389
8405
8408
8409
8415
8416
8425
8428
8440
8446
8446
8448
8449
8457
8469
8475
8497
8500
8504
8508
8510
8516
8522
8529
8533
8536
8546
8547
8554
8555
8562
8567
8567
8570
8586
8591
8593
8594
8606
8608
8622
8625
8630
8637
8642
8643
8647
8650
8651
8657
8673
8678
8680
8681
8682
8689
8692
8695
8695
8701
8703
8704
8711
8716
8719
8719
8720
8729
8739
8744
8750
8751
8761
8765
8776
8777
8777
8780
8786
8793
8793
8793
8795
8798
8805
8813
8814
8817
8817
8820
8823
8823
8826
8847
8854
8856
8857
8861
8865
8871
8881
8889
8893
8902
8904
8915
8925
8931
8931
8936
8941
8942
8944
8945
8960
8970
8976
8976
8981
8982
8983
8986
8995
8998
9000
9023
9040
9047
9048
9049
9051
9054
9061
9079
9083
9083
9091
9095
9101
9106
9112
9117
9142
9142
9145
9148
9149
9163
9170
9174
9177
9182
9189
9189
9191
9193
9193
9196
9197
9204
9229
9241
9243
9248
9249
9255
9257
9257
9261
9275
9276
9282
9284
9287
9292
9294
9303
9304
9306
9308
9308
9309
9312
9313
9334
9335
9347
9353
9358
9359
9366
9373
9374
9377
9382
9395
9410
9416
9417
9427
9430
9433
9433
9447
9449
9456
9456
9460
9462
9476
9489
9490
9526
9526
9535
9539
9544
9548
9552
9561
9566
9583
9603
9605
9628
9629
9631
9641
9644
9645
9653
9654
9656
9661
9662
9667
9681
9693
9693
9695
9697
9698
9703
9704
9706
9706
9716
9720
9721
9723
9726
9727
9728
9746
9755
9763
9769
9772
9775
9783
9796
9798
9816
9820
9821
9822
9826
9830
9834
9838
9844
9869
9869
9874
9879
9882
9890
9903
9905
9911
9913
9917
9917
9920
9921
9924
9941
9944
9946
9947
9949
9957
9967
9973
9976
9977
9992
9995
10002
10012
10016
10024
10030
10043
10064
10069
10071
10078
10087
10097
10103
10106
10106
10117
10121
10126
10135
10136
10136
10137
10146
10148
10173
10176
10180
10184
10189
10192
10192
10203
10204
10206
10211
10223
10223
10230
10247
10248
10249
10265
10265
10267
10267
10274
10305
10305
10306
10307
10324
10346
10355
10357
10358
10359
10375
10384
10385
10388
10394
10407
10408
10414
10415
10419
10421
10432
10435
10435
10435
10436
10446
10449
10452
10453
10456
10458
10466
10470
10487
10509
10534
10535
10537
10550
10551
10561
10561
10562
10564
10566
10567
10590
10590
10592
10595
10598
10600
10606
10622
10623
10630
10643
10652
10658
10661
10666
10674
10679
10686
10688
10691
10700
10704
10705
10706
10711
10717
10725
10733
10741
10754
10758
10762
10765
10775
10780
10783
10786
10793
10794
10794
10804
10809
10819
10823
10824
10827
10828
10831
10841
10842
10854
10856
10858
10867
10873
10874
10875
10878
10883
10883
10888
10892
10910
10913
10914
10922
10927
10934
10939
10954
10954
10955
10978
10979
10984
10995
11001
11007
11010
11010
11019
11021
11044
11044
11047
11053
11054
11065
11080
11081
11087
11088
11094
11107
11112
11116
11125
11131
11131
11132
11143
11143
11143
11144
11156
11164
11165
11178
11180
11181
11192
11193
11199
11204
11216
11216
11217
11224
11225
11233
11242
11245
11246
11252
11253
11255
11257
11263
11268
11270
11278
11283
11293
11300
11305
11314
11315
11319
11322
11323
11331
11334
11338
11357
11359
11365
11368
11371
11377
11392
11396
11401
11404
11412
11418
11419
11430
11441
11442
11448
11454
11455
11462
11475
11475
11479
11479
11482
11489
11500
11502
11502
11504
11507
11509
11532
11538
11545
11546
11546
11551
11552
11556
11561
11575
11590
11596
11596
11608
11613
11615
11615
11632
11633
11642
11642
11643
11652
11654
11661
11663
11679
11688
11702
11703
11713
11719
11731
11739
11757
11758
11759
11761
11761
11765
11777
11790
11798
11818
11822
11825
11827
11834
11834
11850
11850
11860
11864
11864
11868
11869
11874
11880
11881
11886
11888
11893
11894
11896
11899
11901
11901
11904
11906
11913
11928
11935
11941
11957
11958
11964
11966
11974
11976
11993
11997
12004
12005
12009
12017
12029
12045
12054
12073
12073
12088
12091
12101
12102
12109
12116
12117
12121
12121
12126
12136
12142
12147
12150
12160
12161
12168
12174
12181
12181
12193
12195
12196
12199
12199
12209
12218
12219
12225
12237
12241
12245
12255
12260
12261
12266
12276
12294
12294
12294
12306
12308
12313
12314
12315
12321
12323
12324
12327
12333
12343
12367
12374
12388
12409
12412
12413
12414
12420
12421
12424
12424
12428
12428
12432
12436
12449
12455
12459
12472
12474
12478
12480
12483
12492
12507
12518
12520
12521
12523
12531
12531
12532
12546
12548
12550
12556
12568
12569
12571
12573
12573
12576
12578
12593
12599
12608
12615
12616
12617
12626
12639
12643
12656
12660
12663
12676
12677
12685
12685
12688
12689
12698
12702
12705
12707
12708
12726
12733
12746
12755
12755
12758
12760
12762
12763
12768
12778
12782
12791
12806
12815
12824
12830
12832
12833
12837
12839
12842
12851
12869
12871
12876
12883
12895
12901
12907
12913
12915
12917
12920
12927
12928
12930
12933
12933
12934
12944
12947
12957
12959
12962
12972
12973
12974
12982
12991
13009
13014
13024
13030
13032
13039
13043
13043
13048
13057
13059
13062
13062
13066
13084
13088
13094
13099
13102
13102
13106
13111
13113
13151
13158
13172
13174
13175
13181
13184
13185
13191
13220
13232
13233
13241
13245
13250
13251
13272
13291
13292
13304
13306
13307
13315
13316
13320
13321
13329
13330
13336
13339
13340
13348
13349
13359
13360
13365
13366
13366
13371
13374
13379
13388
13396
13404
13407
13412
13413
13414
13428
13433
13434
13441
13457
13458
13462
13466
13480
13485
13494
13500
13503
13504
13509
13512
13514
13519
13522
13530
13539
13541
13543
13548
13553
13557
13563
13563
13568
13568
13592
13595
13596
13608
13611
13620
13629
13632
13633
13634
13657
13657
13658
13681
13687
13691
13694
13695
13695
13707
13715
13715
13725
13738
13747
13753
13764
13769
13775
13787
13799
13799
13810
13834
13839
13862
13865
13867
13873
13887
13889
13894
13898
13899
13900
13907
13910
13911
13912
13930
13931
13946
13948
13949
13950
13956
13976
13977
13982
13994
13997
14000
14001
14003
14009
14013
14015
14034
14035
14037
14042
14043
14046
14048
14051
14053
14055
14058
14058
14067
14071
14076
14079
14082
14089
14089
14095
14096
14102
14102
14118
14125
14130
14133
14137
14153
14156
14159
14161
14169
14169
14176
14196
14198
14202
14208
14212
14212
14213
14217
14218
14230
14235
14241
14244
14253
14254
14267
14280
14281
14282
14289
14290
14291
14303
14315
14316
14316
14318
14318
14319
14321
14327
14328
14331
14335
14336
14344
14346
14347
14349
14357
14358
14385
14395
14406
14423
14424
14428
14435
14437
14452
14455
14458
14472
14496
14498
14501
14508
14509
14510
14514
14517
14537
14538
14545
14582
14583
14585
14588
14590
14598
14603
14604
14606
14619
14623
14627
14637
14641
14654
14656
14667
14668
14671
14683
14685
14693
14695
14699
14703
14710
14729
14729
14735
14735
14761
14777
14781
14785
14786
14787
14799
14800
14825
14828
14836
14841
14846
14858
14861
14870
14874
14874
14875
14880
14880
14880
14884
14898
14907
14918
14924
14925
14927
14930
14941
14945
14946
14956
14962
14965
14968
14970
14976
14992
15004
15007
15013
15013
15020
15026
15028
15035
15049
15053
15056
15058
15064
15071
15075
15089
15094
15096
15097
15104
15105
15124
15127
15130
15140
15142
15149
15149
15152
15156
15158
15165
15166
15167
15168
15187
15190
15192
15194
15202
15202
15205
15206
15210
15212
15244
15245
15262
15267
15271
15272
15275
15276
15280
15283
15283
15285
15293
15296
15306
15311
15318
15322
15327
15341
15345
15350
15353
15354
15355
15359
15366
15367
15377
15383
15388
15398
15399
15410
15412
15424
15427
15430
15431
15432
15454
15456
15467
15469
15470
15471
15477
15478
15493
15494
15500
15508
15513
15514
15516
15519
15520
15520
15535
15540
15548
15558
15568
15575
15579
15582
15583
15593
15617
15632
15651
15655
15657
15658
15661
15664
15666
15668
15673
15675
15681
15682
15690
15693
15702
15709
15712
15714
15717
15719
15723
15726
15729
15731
15743
15754
15760
15776
15778
15783
15787
15793
15794
15810
15813
15818
15822
15829
15830
15836
15839
15844
15849
15851
15854
15855
15861
15861
15862
15867
15876
15877
15881
15883
15886
15906
15914
15917
15921
15924
15926
15928
15940
15941
15943
15947
15958
15964
15968
15975
15977
15994
15996
16007
16010
16012
16022
16027
16032
16033
16036
16043
16044
16050
16050
16050
16059
16061
16067
16074
16078
16084
16084
16098
16099
16100
16106
16116
16134
16135
16138
16152
16152
16160
16161
16165
16165
16167
16178
16179
16179
16179
16180
16180
16183
16186
16195
16204
16213
16218
16225
16226
16227
16228
16228
16228
16229
16232
16238
16243
16261
16261
16273
16276
16276
16277
16292
16296
16299
16305
16306
16313
16319
16323
16330
16332
16338
16343
16344
16347
16360
16362
16364
16364
16371
16374
16385
16389
16399
16401
16402
16406
16410
16416
16418
16428
16431
16437
16438
16451
16454
16461
16470
16470
16475
16479
16483
16484
16497
16501
16502
16510
16512
16519
16522
16524
16530
16531
16539
16540
16541
16542
16550
16557
16565
16574
16575
16587
16592
16611
16613
16617
16619
16621
16621
16631
16650
16654
16655
16656
16662
16672
16674
16677
16687
16693
16698
16698
16699
16701
16705
16710
16710
16716
16721
16722
16727
16729
16741
16744
16747
16747
16751
16754
16755
16757
16758
16760
16762
16763
16774
16780
16782
16785
16790
16792
16801
16801
16806
16806
16814
16814
16815
16818
16828
16841
16874
16888
16890
16894
16895
16897
16897
16901
16903
16921
16922
16923
16923
16930
16930
16934
16942
16942
16943
16946
16951
16958
16961
16974
16976
16986
16987
16988
16995
16997
17012
17014
17019
17021
17021
17026
17032
17046
17047
17051
17052
17054
17054
17057
17073
17075
17077
17077
17084
17088
17090
17102
17106
17111
17120
17127
17129
17129
17129
17137
17138
17139
17140
17156
17157
17157
17168
17168
17172
17183
17186
17187
17190
17198
17199
17205
17205
17221
17223
17223
17227
17228
17229
17229
17233
17249
17253
17260
17277
17280
17282
17290
17294
17304
17306
17328
17329
17330
17332
17337
17351
17358
17372
17382
17383
17386
17386
17395
17395
17398
17402
17417
17422
17436
17438
17442
17443
17447
17449
17456
17461
17463
17464
17475
17484
17485
17494
17505
17507
17512
17519
17527
17531
17531
17537
17537
17539
17542
17548
17559
17559
17561
17565
17565
17574
17576
17606
17610
17632
17632
17651
17652
17652
17659
17661
17666
17667
17669
17682
17687
17694
17706
17707
17721
17735
17736
17740
17741
17753
17765
17776
17787
17798
17803
17806
17807
17809
17812
17823
17828
17833
17840
17857
17863
17865
17870
17873
17878
17883
17890
17897
17901
17906
17918
17922
17925
17940
17940
17942
17948
17952
17953
17960
17966
17968
17974
17980
17986
17990
17992
17992
18007
18024
18046
18054
18069
18071
18081
18081
18087
18087
18093
18101
18107
18109
18109
18109
18115
18116
18126
18136
18138
18140
18145
18147
18157
18163
18173
18180
18188
18192
18198
18198
18200
18209
18217
18220
18225
18238
18239
18248
18248
18253
18267
18282
18283
18283
18285
18290
18294
18296
18310
18312
18313
18323
18324
18331
18334
18343
18346
18346
18355
18355
18373
18376
18385
18385
18390
18391
18392
18404
18405
18417
18418
18424
18435
18440
18443
18452
18465
18468
18475
18479
18480
18493
18500
18502
18503
18504
18506
18514
18527
18528
18531
18532
18534
18546
18546
18556
18581
18593
18601
18604
18613
18615
18628
18630
18634
18639
18642
18652
18657
18664
18673
18680
18680
18681
18688
18698
18706
18715
18718
18724
18728
18732
18732
18734
18736
18737
18739
18741
18744
18745
18747
18748
18748
18752
18753
18761
18768
18768
18776
18778
18786
18793
18795
18805
18814
18818
18821
18836
18850
18855
18860
18863
18881
18881
18883
18884
18888
18892
18896
18914
18918
18919
18930
18944
18947
18958
18964
18965
18966
18970
18987
18987
18990
18995
19007
19010
19019
19027
19028
19032
19037
19054
19061
19064
19065
19071
19091
19098
19101
19105
19108
19117
19129
19131
19134
19155
19155
19158
19160
19168
19173
19175
19182
19183
19195
19198
19200
19201
19203
19208
19209
19211
19219
19226
19226
19231
19232
19232
19238
19245
19247
19248
19253
19256
19263
19265
19266
19277
19280
19296
19299
19318
19322
19332
19333
19334
19335
19335
19349
19351
19363
19375
19376
19377
19383
19383
19394
19394
19397
19398
19402
19410
19411
19416
19421
19428
19435
19444
19453
19460
19470
19471
19471
19472
19475
19481
19481
19500
19501
19501
19503
19515
19520
19550
19553
19558
19560
19568
19578
19581
19587
19588
19600
19608
19618
19621
19628
19635
19642
19647
19649
19653
19662
19666
19669
19669
19676
19701
19705
19729
19733
19742
19754
19761
19763
19765
19793
19812
19816
19816
19818
19826
19833
19837
19862
19879
19884
19887
19887
19888
19888
19893
19898
19899
19903
19907
19916
19917
19919
19921
19922
19928
19931
19937
19939
19940
19944
19947
19951
19953
19953
19962
19973
19974
19978
19994
20005
20005
20006
20007
20008
20011
20011
20011
20016
20022
20029
20048
20050
20050
20050
20058
20060
20065
20067
20068
20069
20071
20073
20073
20077
20082
20087
20094
20095
20101
20118
20143
20146
20148
20179
20180
20184
20192
20196
20219
20223
20223
20229
20233
20236
20251
20255
20264
20267
20278
20286
20292
20320
20321
20321
20327
20329
20333
20334
20335
20349
20351
20352
20358
20363
20403
20415
20419
20421
20429
20431
20433
20437
20439
20448
20450
20450
20453
20454
20457
20471
20472
20485
20490
20494
20495
20496
20499
20499
20504
20507
20517
20518
20521
20522
20522
20524
20527
20528
20543
20545
20545
20554
20562
20564
20574
20584
20587
20588
20588
20593
20597
20605
20611
20617
20626
20628
20634
20636
20637
20638
20640
20643
20646
20648
20654
20660
20675
20683
20697
20700
20704
20712
20720
20720
20726
20737
20738
20750
20761
20776
20777
20781
20790
20797
20807
20809
20823
20824
20833
20839
20839
20842
20867
20875
20878
20879
20885
20889
20889
20891
20892
20897
20898
20898
20900
20903
20904
20909
20910
20943
20944
20948
20951
20953
20953
20960
20965
20972
20973
20977
20979
20989
20992
20993
20999
21000
21024
21032
21032
21050
21052
21059
21068
21071
21081
21084
21086
21098
21098
21104
21104
21111
21111
21115
21124
21128
21130
21135
21140
21141
21176
21180
21182
21182
21183
21193
21195
21214
21215
21226
21226
21227
21228
21229
21234
21236
21238
21239
21240
21245
21246
21257
21259
21261
21267
21271
21305
21309
21309
21317
21323
21328
21330
21332
21333
21334
21339
21347
21348
21350
21355
21357
21358
21361
21364
21365
21366
21367
21368
21370
21371
21371
21377
21381
21382
21382
21383
21387
21391
21392
21401
21403
21405
21412
21415
21419
21419
21421
21424
21430
21443
21443
21444
21451
21454
21456
21461
21484
21503
21507
21511
21513
21516
21517
21530
21531
21540
21541
21546
21551
21553
21564
21576
21580
21597
21604
21606
21610
21612
21630
21641
21657
21670
21683
21684
21684
21697
21700
21705
21708
21709
21712
21713
21719
21720
21724
21741
21747
21754
21764
21773
21788
21792
21795
21802
21820
21820
21823
21830
21845
21848
21849
21852
21855
21861
21870
21880
21888
21896
21910
21910
21912
21924
21927
21934
21950
21950
21962
21966
21966
21977
21977
21985
21996
21999
22004
22005
22012
22013
22020
22022
22023
22025
22031
22040
22056
22062
22076
22077
22078
22085
22086
22086
22100
22104
22107
22108
22111
22115
22117
22121
22130
22136
22156
22159
22169
22171
22172
22173
22180
22181
22184
22194
22195
22209
22209
22210
22221
22226
22227
22227
22231
22248
22252
22264
22265
22268
22273
22282
22283
22288
22288
22294
22295
22295
22296
22299
22301
22302
22309
22310
22318
22318
22319
22326
22330
22336
22338
22340
22344
22350
22358
22360
22362
22362
22363
22363
22367
22371
22374
22375
22375
22381
22391
22396
22402
22408
22416
22419
22443
22450
22453
22457
22457
22465
22477
22478
22483
22488
22488
22490
22503
22505
22505
22507
22522
22523
22524
22536
22537
22546
22549
22550
22551
22552
22563
22573
22587
22588
22593
22593
22599
22602
22606
22615
22615
22616
22630
22635
22637
22639
22650
22652
22654
22659
22660
22664
22665
22668
22696
22698
22701
22705
22707
22708
22716
22716
22720
22724
22729
22730
22732
22733
22737
22740
22744
22754
22762
22762
22766
22770
22780
22793
22795
22801
22802
22813
22814
22817
22821
22836
22841
22842
22842
22845
22847
22848
22851
22853
22856
22858
22863
22863
22866
22870
22875
22882
22884
22886
22886
22901
22905
22905
22906
22908
22916
22922
22940
22952
22953
22956
22965
22971
22971
22980
22999
23004
23010
23016
23020
23023
23031
23035
23044
23048
23050
23052
23053
23057
23058
23063
23066
23066
23073
23074
23074
23083
23086
23092
23094
23095
23103
23107
23108
23113
23120
23124
23134
23134
23136
23139
23141
23155
23159
23161
23164
23172
23173
23187
23195
23202
23210
23216
23218
23218
23222
23229
23229
23230
23238
23241
23248
23251
23266
23294
23302
23307
23310
23328
23328
23331
23338
23350
23350
23358
23363
23368
23369
23374
23376
23382
23383
23384
23415
23421
23421
23431
23435
23440
23444
23451
23454
23455
23458
23465
23467
23475
23479
23486
23488
23505
23506
23515
23515
23519
23519
23530
23532
23539
23546
23550
23554
23557
23569
23570
23574
23578
23581
23583
23600
23603
23611
23611
23616
23617
23623
23626
23633
23635
23636
23637
23645
23650
23659
23660
23683
23690
23691
23715
23719
23725
23732
23734
23746
23748
23755
23757
23758
23760
23764
23807
23807
23809
23815
23821
23823
23824
23842
23843
23844
23854
23859
23859
23866
23873
23889
23892
23897
23911
23912
23914
23921
23921
23924
23927
23931
23936
23937
23939
23940
23944
23949
23950
23955
23956
23962
23966
23975
23981
23989
23990
23991
23995
23997
24006
24008
24017
24022
24026
24030
24032
24033
24036
24037
24051
24053
24054
24055
24066
24077
24079
24087
24087
24089
24098
24115
24117
24130
24137
24139
24145
24146
24161
24163
24164
24164
24181
24188
24192
24200
24208
24208
24208
24213
24215
24216
24219
24221
24225
24232
24237
24245
24249
24251
24253
24262
24262
24269
24280
24293
24295
24298
24303
24329
24337
24337
24342
24359
24360
24364
24372
24373
24383
24387
24389
24414
24415
24416
24416
24417
24418
24423
24433
24434
24438
24442
24446
24448
24450
24452
24460
24472
24475
24482
24484
24488
24494
24506
24512
24512
24513
24526
24531
24535
24535
24537
24542
24544
24544
24554
24557
24568
24584
24587
24592
24612
24624
24625
24632
24639
24640
24643
24660
24666
24667
24674
24680
24681
24702
24707
24711
24720
24726
24730
24732
24734
24737
24744
24766
24766
24771
24773
24782
24789
24792
24800
24808
24811
24816
24818
24819
24820
24824
24827
24830
24833
24837
24839
24844
24862
24873
24881
24888
24891
24892
24893
24900
24907
24913
24915
24919
24919
24922
24926
24932
24935
24940
24942
24949
24951
24953
24957
24960
24961
24965
24968
24978
24979
24982
24990
24994
24996
25003
25008
25011
25019
25020
25033
25036
25037
25039
25041
25043
25053
25056
25062
25075
25075
25090
25097
25100
25108
25108
25109
25112
25120
25123
25132
25132
25141
25142
25143
25156
25162
25164
25166
25166
25193
25194
25194
25195
25198
25200
25202
25218
25220
25222
25225
25226
25231
25246
25250
25252
25261
25262
25275
25276
25276
25278
25280
25284
25285
25286
25288
25293
25297
25299
25303
25305
25310
25319
25326
25328
25333
25356
25362
25380
25384
25384
25390
25395
25400
25418
25418
25428
25430
25431
25435
25437
25451
25458
25465
25475
25478
25479
25480
25480
25482
25498
25498
25504
25507
25519
25521
25524
25525
25534
25538
25538
25541
25548
25553
25556
25564
25569
25571
25576
25584
25584
25585
25602
25604
25626
25629
25643
25644
25650
25663
25676
25680
25700
25702
25708
25708
25713
25718
25727
25729
25734
25738
25749
25751
25764
25773
25774
25795
25808
25808
25815
25823
25823
25827
25832
25834
25840
25844
25847
25856
25863
25869
25877
25891
25913
25919
25920
25932
25934
25934
25938
25938
25955
25956
25959
25963
25990
25994
26007
26008
26010
26013
26021
26026
26027
26027
26036
26037
26045
26058
26061
26070
26071
26082
26095
26098
26102
26102
26108
26108
26108
26113
26129
26129
26131
26144
26146
26156
26158
26174
26176
26185
26192
26206
26208
26218
26237
26239
26240
26260
26261
26262
26263
26280
26280
26285
26294
26299
26311
26322
26331
26332
26336
26339
26345
26361
26370
26371
26371
26373
26383
26393
26398
26405
26410
26418
26419
26421
26422
26431
26444
26447
26462
26471
26488
26494
26501
26504
26513
26513
26518
26521
26540
26558
26559
26570
26572
26572
26573
26587
26592
26595
26598
26600
26602
26606
26608
26614
26617
26620
26622
26630
26633
26635
26635
26638
26647
26661
26661
26666
26669
26670
26670
26670
26712
26714
26721
26723
26754
26760
26763
26768
26777
26780
26780
26780
26791
26792
26796
26803
26805
26807
26808
26818
26826
26836
26838
26840
26841
26855
26855
26864
26867
26870
26874
26875
26886
26887
26905
26911
26921
26922
26923
26926
26927
26928
26937
26938
26947
26952
26955
26962
26964
26964
26965
26973
26975
26988
26996
26997
27009
27013
27041
27048
27051
27059
27065
27073
27074
27075
27078
27086
27088
27089
27089
27093
27096
27101
27102
27106
27133
27141
27144
27145
27145
27149
27151
27152
27153
27160
27162
27163
27163
27174
27182
27189
27193
27193
27198
27199
27205
27214
27217
27219
27220
27227
27230
27231
27232
27234
27236
27250
27251
27255
27260
27268
27271
27287
27288
27300
27306
27306
27312
27312
27320
27323
27324
27333
27339
27344
27346
27347
27347
27348
27366
27379
27384
27393
27402
27408
27408
27410
27416
27418
27434
27434
27442
27449
27457
27460
27460
27460
27466
27471
27477
27481
27486
27490
27491
27502
27504
27509
27514
27516
27517
27525
27536
27543
27548
27566
27568
27576
27592
27593
27598
27602
27604
27617
27625
27629
27630
27640
27642
27661
27674
27675
27681
27693
27693
27695
27699
27703
27709
27711
27725
27729
27730
27743
27747
27750
27753
27755
27755
27755
27763
27774
27775
27781
27792
27793
27798
27808
27823
27823
27834
27836
27844
27846
27848
27856
27860
27875
27876
27876
27877
27883
27884
27889
27889
27904
27916
27923
27933
27938
27940
27949
27956
27960
27962
27966
27971
27973
27977
27981
28006
28015
28025
28031
28039
28042
28046
28059
28063
28068
28079
28081
28098
28102
28106
28109
28115
28130
28131
28132
28138
28144
28157
28162
28164
28165
28168
28174
28175
28183
28184
28187
28202
28205
28207
28208
28208
28211
28212
28214
28224
28237
28245
28249
28263
28282
28284
28284
28306
28308
28309
28312
28312
28313
28319
28320
28327
28331
28331
28345
28345
28347
28361
28365
28366
28389
28392
28394
28406
28408
28416
28418
28420
28428
28429
28448
28452
28455
28458
28479
28495
28495
28498
28508
28511
28535
28545
28554
28557
28566
28568
28570
28571
28572
28573
28577
28580
28586
28589
28599
28602
28625
28636
28640
28643
28646
28651
28653
28653
28655
28655
28656
28658
28663
28665
28670
28677
28688
28693
28695
28698
28704
28715
28736
28740
28740
28741
28741
28743
28758
28758
28758
28761
28761
28764
28764
28769
28779
28794
28800
28808
28813
28817
28821
28827
28831
28836
28846
28852
28852
28853
28859
28867
28879
28880
28885
28888
28891
28891
28905
28907
28910
28915
28917
28922
28922
28932
28936
28945
28950
28956
28958
28961
28966
28970
28972
28983
28996
29000
29002
29014
29018
29025
29028
29029
29054
29061
29063
29065
29065
29066
29070
29076
29076
29077
29090
29095
29096
29112
29123
29130
29137
29138
29139
29143
29144
29149
29156
29167
29175
29178
29181
29195
29199
29200
29201
29209
29211
29216
29223
29224
29226
29231
29232
29238
29250
29255
29255
29260
29261
29267
29268
29270
29276
29283
29286
29296
29306
29308
29314
29319
29319
29320
29322
29330
29331
29339
29341
29348
29354
29376
29387
29391
29409
29442
29451
29452
29454
29464
29490
29494
29496
29507
29527
29527
29528
29531
29539
29546
29554
29562
29569
29574
29574
29576
29580
29581
29585
29585
29607
29608
29609
29611
29623
29635
29635
29638
29652
29658
29659
29660
29661
29662
29662
29665
29669
29670
29671
29675
29676
29677
29685
29691
29692
29696
29702
29707
29707
29713
29729
29731
29739
29748
29754
29761
29780
29800
29802
29803
29809
29810
29815
29816
29817
29821
29822
29827
29843
29848
29852
29858
29868
29873
29886
29889
29889
29890
29894
29894
29904
29905
29906
29909
29915
29920
29921
29927
29928
29929
29932
29947
29948
29952
29952
29955
29958
29960
29964
29967
29969
29975
29976
29985
29986
29990
29994
29998
29999
30002
30010
30014
30023
30027
30029
30029
30031
30035
30035
30048
30051
30054
30055
30069
30075
30077
30087
30089
30103
30105
30116
30121
30131
30140
30143
30144
30146
30160
30169
30183
30193
30195
30196
30205
30208
30213
30226
30228
30232
30234
30235
30238
30269
30279
30294
30298
30298
30307
30313
30327
30328
30334
30336
30339
30342
30358
30369
30379
30401
30406
30409
30410
30411
30417
30423
30424
30435
30438
30438
30440
30442
30459
30470
30476
30477
30481
30484
30503
30511
30523
30529
30530
30531
30537
30538
30539
30541
30543
30545
30546
30548
30551
30553
30554
30568
30571
30574
30577
30579
30583
30586
30588
30598
30620
30625
30631
30643
30644
30650
30650
30652
30660
30661
30662
30666
30682
30684
30689
30690
30694
30695
30696
30705
30705
30722
30724
30734
30743
30747
30756
30763
30764
30770
30774
30774
30775
30775
30787
30788
30788
30788
30801
30802
30802
30803
30804
30805
30807
30807
30810
30817
30829
30831
30832
30834
30853
30871
30877
30896
30898
30911
30915
30922
30934
30934
30940
30970
30974
30978
30994
30994
30996
31000
31019
31020
31022
31030
31036
31038
31040
31046
31058
31064
31066
31069
31084
31096
31103
31126
31128
31131
31131
31134
31142
31165
31175
31186
31190
31204
31214
31224
31227
31230
31239
31243
31245
31249
31254
31261
31280
31287
31309
31324
31341
31348
31349
31353
31353
31354
31355
31356
31380
31384
31393
31393
31400
31410
31414
31417
31418
31423
31426
31448
31460
31465
31470
31471
31481
31482
31489
31497
31498
31499
31500
31503
31508
31510
31510
31517
31522
31525
31528
31540
31541
31551
31552
31557
31558
31560
31569
31570
31586
31590
31593
31594
31601
31605
31606
31606
31615
31623
31627
31631
31631
31638
31646
31654
31687
31693
31695
31700
31702
31709
31732
31736
31745
31749
31750
31750
31771
31777
31779
31779
31792
31808
31811
31819
31833
31845
31845
31847
31848
31851
31857
31860
31862
31863
31865
31882
31884
31884
31889
31893
31901
31910
31912
31914
31915
31927
31935
31942
31946
31948
31956
31972
31976
31987
31988
32004
32007
32010
32019
32020
32024
32030
32043
32058
32070
32072
32073
32074
32076
32077
32085
32086
32094
32098
32100
32101
32101
32109
32120
32134
32138
32138
32142
32143
32152
32157
32163
32163
32165
32172
32179
32183
32185
32191
32195
32206
32232
32236
32238
32244
32248
32252
32252
32268
32272
32272
32275
32279
32285
32285
32286
32287
32292
32298
32301
32307
32308
32314
32318
32319
32319
32323
32324
32328
32336
32337
32344
32351
32358
32359
32360
32371
32377
32380
32382
32395
32401
32422
32423
32425
32431
32433
32446
32465
32466
32481
32486
32493
32500
32523
32525
32535
32538
32539
32552
32552
32556
32561
32569
32587
32596
32607
32614
32615
32631
32651
32654
32668
32670
32677
32679
32682
32683
32683
32684
32688
32689
32714
32715
32729
32731
32736
32751
32757
32762
