6000
32762
32757
32751
32736
32731
32729
32715
32714
32689
32688
32684
32683
32683
32682
32679
32677
32670
32668
32654
32651
32631
32615
32614
32607
32596
32587
32569
32561
32556
32552
32552
32539
32538
32535
32525
32523
32500
32493
32486
32481
32466
32465
32446
32433
32431
32425
32423
32422
32401
32395
32382
32380
32377
32371
32360
32359
32358
32351
32344
32337
32336
32328
32324
32323
32319
32319
32318
32314
32308
32307
32301
32298
32292
32287
32286
32285
32285
32279
32275
32272
32272
32268
32252
32252
32248
32244
32238
32236
32232
32206
32195
32191
32185
32183
32179
32172
32165
32163
32163
32157
32152
32143
32142
32138
32138
32134
32120
32109
32101
32101
32100
32098
32094
32086
32085
32077
32076
32074
32073
32072
32070
32058
32043
32030
32024
32020
32019
32010
32007
32004
31988
31987
31976
31972
31956
31948
31946
31942
31935
31927
31915
31914
31912
31910
31901
31893
31889
31884
31884
31882
31865
31863
31862
31860
31857
31851
31848
31847
31845
31845
31833
31819
31811
31808
31792
31779
31779
31777
31771
31750
31750
31749
31745
31736
31732
31709
31702
31700
31695
31693
31687
31654
31646
31638
31631
31631
31627
31623
31615
31606
31606
31605
31601
31594
31593
31590
31586
31570
31569
31560
31558
31557
31552
31551
31541
31540
31528
31525
31522
31517
31510
31510
31508
31503
31500
31499
31498
31497
31489
31482
31481
31471
31470
31465
31460
31448
31426
31423
31418
31417
31414
31410
31400
31393
31393
31384
31380
31356
31355
31354
31353
31353
31349
31348
31341
31324
31309
31287
31280
31261
31254
31249
31245
31243
31239
31230
31227
31224
31214
31204
31190
31186
31175
31165
31142
31134
31131
31131
31128
31126
31103
31096
31084
31069
31066
31064
31058
31046
31040
31038
31036
31030
31022
31020
31019
31000
30996
30994
30994
30978
30974
30970
30940
30934
30934
30922
30915
30911
30898
30896
30877
30871
30853
30834
30832
30831
30829
30817
30810
30807
30807
30805
30804
30803
30802
30802
30801
30788
30788
30788
30787
30775
30775
30774
30774
30770
30764
30763
30756
30747
30743
30734
30724
30722
30705
30705
30696
30695
30694
30690
30689
30684
30682
30666
30662
30661
30660
30652
30650
30650
30644
30643
30631
30625
30620
30598
30588
30586
30583
30579
30577
30574
30571
30568
30554
30553
30551
30548
30546
30545
30543
30541
30539
30538
30537
30531
30530
30529
30523
30511
30503
30484
30481
30477
30476
30470
30459
30442
30440
30438
30438
30435
30424
30423
30417
30411
30410
30409
30406
30401
30379
30369
30358
30342
30339
30336
30334
30328
30327
30313
30307
30298
30298
30294
30279
30269
30238
30235
30234
30232
30228
30226
30213
30208
30205
30196
30195
30193
30183
30169
30160
30146
30144
30143
30140
30131
30121
30116
30105
30103
30089
30087
30077
30075
30069
30055
30054
30051
30048
30035
30035
30031
30029
30029
30027
30023
30014
30010
30002
29999
29998
29994
29990
29986
29985
29976
29975
29969
29967
29964
29960
29958
29955
29952
29952
29948
29947
29932
29929
29928
29927
29921
29920
29915
29909
29906
29905
29904
29894
29894
29890
29889
29889
29886
29873
29868
29858
29852
29848
29843
29827
29822
29821
29817
29816
29815
29810
29809
29803
29802
29800
29780
29761
29754
29748
29739
29731
29729
29713
29707
29707
29702
29696
29692
29691
29685
29677
29676
29675
29671
29670
29669
29665
29662
29662
29661
29660
29659
29658
29652
29638
29635
29635
29623
29611
29609
29608
29607
29585
29585
29581
29580
29576
29574
29574
29569
29562
29554
29546
29539
29531
29528
29527
29527
29507
29496
29494
29490
29464
29454
29452
29451
29442
29409
29391
29387
29376
29354
29348
29341
29339
29331
29330
29322
29320
29319
29319
29314
29308
29306
29296
29286
29283
29276
29270
29268
29267
29261
29260
29255
29255
29250
29238
29232
29231
29226
29224
29223
29216
29211
29209
29201
29200
29199
29195
29181
29178
29175
29167
29156
29149
29144
29143
29139
29138
29137
29130
29123
29112
29096
29095
29090
29077
29076
29076
29070
29066
29065
29065
29063
29061
29054
29029
29028
29025
29018
29014
29002
29000
28996
28983
28972
28970
28966
28961
28958
28956
28950
28945
28936
28932
28922
28922
28917
28915
28910
28907
28905
28891
28891
28888
28885
28880
28879
28867
28859
28853
28852
28852
28846
28836
28831
28827
28821
28817
28813
28808
28800
28794
28779
28769
28764
28764
28761
28761
28758
28758
28758
28743
28741
28741
28740
28740
28736
28715
28704
28698
28695
28693
28688
28677
28670
28665
28663
28658
28656
28655
28655
28653
28653
28651
28646
28643
28640
28636
28625
28602
28599
28589
28586
28580
28577
28573
28572
28571
28570
28568
28566
28557
28554
28545
28535
28511
28508
28498
28495
28495
28479
28458
28455
28452
28448
28429
28428
28420
28418
28416
28408
28406
28394
28392
28389
28366
28365
28361
28347
28345
28345
28331
28331
28327
28320
28319
28313
28312
28312
28309
28308
28306
28284
28284
28282
28263
28249
28245
28237
28224
28214
28212
28211
28208
28208
28207
28205
28202
28187
28184
28183
28175
28174
28168
28165
28164
28162
28157
28144
28138
28132
28131
28130
28115
28109
28106
28102
28098
28081
28079
28068
28063
28059
28046
28042
28039
28031
28025
28015
28006
27981
27977
27973
27971
27966
27962
27960
27956
27949
27940
27938
27933
27923
27916
27904
27889
27889
27884
27883
27877
27876
27876
27875
27860
27856
27848
27846
27844
27836
27834
27823
27823
27808
27798
27793
27792
27781
27775
27774
27763
27755
27755
27755
27753
27750
27747
27743
27730
27729
27725
27711
27709
27703
27699
27695
27693
27693
27681
27675
27674
27661
27642
27640
27630
27629
27625
27617
27604
27602
27598
27593
27592
27576
27568
27566
27548
27543
27536
27525
27517
27516
27514
27509
27504
27502
27491
27490
27486
27481
27477
27471
27466
27460
27460
27460
27457
27449
27442
27434
27434
27418
27416
27410
27408
27408
27402
27393
27384
27379
27366
27348
27347
27347
27346
27344
27339
27333
27324
27323
27320
27312
27312
27306
27306
27300
27288
27287
27271
27268
27260
27255
27251
27250
27236
27234
27232
27231
27230
27227
27220
27219
27217
27214
27205
27199
27198
27193
27193
27189
27182
27174
27163
27163
27162
27160
27153
27152
27151
27149
27145
27145
27144
27141
27133
27106
27102
27101
27096
27093
27089
27089
27088
27086
27078
27075
27074
27073
27065
27059
27051
27048
27041
27013
27009
26997
26996
26988
26975
26973
26965
26964
26964
26962
26955
26952
26947
26938
26937
26928
26927
26926
26923
26922
26921
26911
26905
26887
26886
26875
26874
26870
26867
26864
26855
26855
26841
26840
26838
26836
26826
26818
26808
26807
26805
26803
26796
26792
26791
26780
26780
26780
26777
26768
26763
26760
26754
26723
26721
26714
26712
26670
26670
26670
26669
26666
26661
26661
26647
26638
26635
26635
26633
26630
26622
26620
26617
26614
26608
26606
26602
26600
26598
26595
26592
26587
26573
26572
26572
26570
26559
26558
26540
26521
26518
26513
26513
26504
26501
26494
26488
26471
26462
26447
26444
26431
26422
26421
26419
26418
26410
26405
26398
26393
26383
26373
26371
26371
26370
26361
26345
26339
26336
26332
26331
26322
26311
26299
26294
26285
26280
26280
26263
26262
26261
26260
26240
26239
26237
26218
26208
26206
26192
26185
26176
26174
26158
26156
26146
26144
26131
26129
26129
26113
26108
26108
26108
26102
26102
26098
26095
26082
26071
26070
26061
26058
26045
26037
26036
26027
26027
26026
26021
26013
26010
26008
26007
25994
25990
25963
25959
25956
25955
25938
25938
25934
25934
25932
25920
25919
25913
25891
25877
25869
25863
25856
25847
25844
25840
25834
25832
25827
25823
25823
25815
25808
25808
25795
25774
25773
25764
25751
25749
25738
25734
25729
25727
25718
25713
25708
25708
25702
25700
25680
25676
25663
25650
25644
25643
25629
25626
25604
25602
25585
25584
25584
25576
25571
25569
25564
25556
25553
25548
25541
25538
25538
25534
25525
25524
25521
25519
25507
25504
25498
25498
25482
25480
25480
25479
25478
25475
25465
25458
25451
25437
25435
25431
25430
25428
25418
25418
25400
25395
25390
25384
25384
25380
25362
25356
25333
25328
25326
25319
25310
25305
25303
25299
25297
25293
25288
25286
25285
25284
25280
25278
25276
25276
25275
25262
25261
25252
25250
25246
25231
25226
25225
25222
25220
25218
25202
25200
25198
25195
25194
25194
25193
25166
25166
25164
25162
25156
25143
25142
25141
25132
25132
25123
25120
25112
25109
25108
25108
25100
25097
25090
25075
25075
25062
25056
25053
25043
25041
25039
25037
25036
25033
25020
25019
25011
25008
25003
24996
24994
24990
24982
24979
24978
24968
24965
24961
24960
24957
24953
24951
24949
24942
24940
24935
24932
24926
24922
24919
24919
24915
24913
24907
24900
24893
24892
24891
24888
24881
24873
24862
24844
24839
24837
24833
24830
24827
24824
24820
24819
24818
24816
24811
24808
24800
24792
24789
24782
24773
24771
24766
24766
24744
24737
24734
24732
24730
24726
24720
24711
24707
24702
24681
24680
24674
24667
24666
24660
24643
24640
24639
24632
24625
24624
24612
24592
24587
24584
24568
24557
24554
24544
24544
24542
24537
24535
24535
24531
24526
24513
24512
24512
24506
24494
24488
24484
24482
24475
24472
24460
24452
24450
24448
24446
24442
24438
24434
24433
24423
24418
24417
24416
24416
24415
24414
24389
24387
24383
24373
24372
24364
24360
24359
24342
24337
24337
24329
24303
24298
24295
24293
24280
24269
24262
24262
24253
24251
24249
24245
24237
24232
24225
24221
24219
24216
24215
24213
24208
24208
24208
24200
24192
24188
24181
24164
24164
24163
24161
24146
24145
24139
24137
24130
24117
24115
24098
24089
24087
24087
24079
24077
24066
24055
24054
24053
24051
24037
24036
24033
24032
24030
24026
24022
24017
24008
24006
23997
23995
23991
23990
23989
23981
23975
23966
23962
23956
23955
23950
23949
23944
23940
23939
23937
23936
23931
23927
23924
23921
23921
23914
23912
23911
23897
23892
23889
23873
23866
23859
23859
23854
23844
23843
23842
23824
23823
23821
23815
23809
23807
23807
23764
23760
23758
23757
23755
23748
23746
23734
23732
23725
23719
23715
23691
23690
23683
23660
23659
23650
23645
23637
23636
23635
23633
23626
23623
23617
23616
23611
23611
23603
23600
23583
23581
23578
23574
23570
23569
23557
23554
23550
23546
23539
23532
23530
23519
23519
23515
23515
23506
23505
23488
23486
23479
23475
23467
23465
23458
23455
23454
23451
23444
23440
23435
23431
23421
23421
23415
23384
23383
23382
23376
23374
23369
23368
23363
23358
23350
23350
23338
23331
23328
23328
23310
23307
23302
23294
23266
23251
23248
23241
23238
23230
23229
23229
23222
23218
23218
23216
23210
23202
23195
23187
23173
23172
23164
23161
23159
23155
23141
23139
23136
23134
23134
23124
23120
23113
23108
23107
23103
23095
23094
23092
23086
23083
23074
23074
23073
23066
23066
23063
23058
23057
23053
23052
23050
23048
23044
23035
23031
23023
23020
23016
23010
23004
22999
22980
22971
22971
22965
22956
22953
22952
22940
22922
22916
22908
22906
22905
22905
22901
22886
22886
22884
22882
22875
22870
22866
22863
22863
22858
22856
22853
22851
22848
22847
22845
22842
22842
22841
22836
22821
22817
22814
22813
22802
22801
22795
22793
22780
22770
22766
22762
22762
22754
22744
22740
22737
22733
22732
22730
22729
22724
22720
22716
22716
22708
22707
22705
22701
22698
22696
22668
22665
22664
22660
22659
22654
22652
22650
22639
22637
22635
22630
22616
22615
22615
22606
22602
22599
22593
22593
22588
22587
22573
22563
22552
22551
22550
22549
22546
22537
22536
22524
22523
22522
22507
22505
22505
22503
22490
22488
22488
22483
22478
22477
22465
22457
22457
22453
22450
22443
22419
22416
22408
22402
22396
22391
22381
22375
22375
22374
22371
22367
22363
22363
22362
22362
22360
22358
22350
22344
22340
22338
22336
22330
22326
22319
22318
22318
22310
22309
22302
22301
22299
22296
22295
22295
22294
22288
22288
22283
22282
22273
22268
22265
22264
22252
22248
22231
22227
22227
22226
22221
22210
22209
22209
22195
22194
22184
22181
22180
22173
22172
22171
22169
22159
22156
22136
22130
22121
22117
22115
22111
22108
22107
22104
22100
22086
22086
22085
22078
22077
22076
22062
22056
22040
22031
22025
22023
22022
22020
22013
22012
22005
22004
21999
21996
21985
21977
21977
21966
21966
21962
21950
21950
21934
21927
21924
21912
21910
21910
21896
21888
21880
21870
21861
21855
21852
21849
21848
21845
21830
21823
21820
21820
21802
21795
21792
21788
21773
21764
21754
21747
21741
21724
21720
21719
21713
21712
21709
21708
21705
21700
21697
21684
21684
21683
21670
21657
21641
21630
21612
21610
21606
21604
21597
21580
21576
21564
21553
21551
21546
21541
21540
21531
21530
21517
21516
21513
21511
21507
21503
21484
21461
21456
21454
21451
21444
21443
21443
21430
21424
21421
21419
21419
21415
21412
21405
21403
21401
21392
21391
21387
21383
21382
21382
21381
21377
21371
21371
21370
21368
21367
21366
21365
21364
21361
21358
21357
21355
21350
21348
21347
21339
21334
21333
21332
21330
21328
21323
21317
21309
21309
21305
21271
21267
21261
21259
21257
21246
21245
21240
21239
21238
21236
21234
21229
21228
21227
21226
21226
21215
21214
21195
21193
21183
21182
21182
21180
21176
21141
21140
21135
21130
21128
21124
21115
21111
21111
21104
21104
21098
21098
21086
21084
21081
21071
21068
21059
21052
21050
21032
21032
21024
21000
20999
20993
20992
20989
20979
20977
20973
20972
20965
20960
20953
20953
20951
20948
20944
20943
20910
20909
20904
20903
20900
20898
20898
20897
20892
20891
20889
20889
20885
20879
20878
20875
20867
20842
20839
20839
20833
20824
20823
20809
20807
20797
20790
20781
20777
20776
20761
20750
20738
20737
20726
20720
20720
20712
20704
20700
20697
20683
20675
20660
20654
20648
20646
20643
20640
20638
20637
20636
20634
20628
20626
20617
20611
20605
20597
20593
20588
20588
20587
20584
20574
20564
20562
20554
20545
20545
20543
20528
20527
20524
20522
20522
20521
20518
20517
20507
20504
20499
20499
20496
20495
20494
20490
20485
20472
20471
20457
20454
20453
20450
20450
20448
20439
20437
20433
20431
20429
20421
20419
20415
20403
20363
20358
20352
20351
20349
20335
20334
20333
20329
20327
20321
20321
20320
20292
20286
20278
20267
20264
20255
20251
20236
20233
20229
20223
20223
20219
20196
20192
20184
20180
20179
20148
20146
20143
20118
20101
20095
20094
20087
20082
20077
20073
20073
20071
20069
20068
20067
20065
20060
20058
20050
20050
20050
20048
20029
20022
20016
20011
20011
20011
20008
20007
20006
20005
20005
19994
19978
19974
19973
19962
19953
19953
19951
19947
19944
19940
19939
19937
19931
19928
19922
19921
19919
19917
19916
19907
19903
19899
19898
19893
19888
19888
19887
19887
19884
19879
19862
19837
19833
19826
19818
19816
19816
19812
19793
19765
19763
19761
19754
19742
19733
19729
19705
19701
19676
19669
19669
19666
19662
19653
19649
19647
19642
19635
19628
19621
19618
19608
19600
19588
19587
19581
19578
19568
19560
19558
19553
19550
19520
19515
19503
19501
19501
19500
19481
19481
19475
19472
19471
19471
19470
19460
19453
19444
19435
19428
19421
19416
19411
19410
19402
19398
19397
19394
19394
19383
19383
19377
19376
19375
19363
19351
19349
19335
19335
19334
19333
19332
19322
19318
19299
19296
19280
19277
19266
19265
19263
19256
19253
19248
19247
19245
19238
19232
19232
19231
19226
19226
19219
19211
19209
19208
19203
19201
19200
19198
19195
19183
19182
19175
19173
19168
19160
19158
19155
19155
19134
19131
19129
19117
19108
19105
19101
19098
19091
19071
19065
19064
19061
19054
19037
19032
19028
19027
19019
19010
19007
18995
18990
18987
18987
18970
18966
18965
18964
18958
18947
18944
18930
18919
18918
18914
18896
18892
18888
18884
18883
18881
18881
18863
18860
18855
18850
18836
18821
18818
18814
18805
18795
18793
18786
18778
18776
18768
18768
18761
18753
18752
18748
18748
18747
18745
18744
18741
18739
18737
18736
18734
18732
18732
18728
18724
18718
18715
18706
18698
18688
18681
18680
18680
18673
18664
18657
18652
18642
18639
18634
18630
18628
18615
18613
18604
18601
18593
18581
18556
18546
18546
18534
18532
18531
18528
18527
18514
18506
18504
18503
18502
18500
18493
18480
18479
18475
18468
18465
18452
18443
18440
18435
18424
18418
18417
18405
18404
18392
18391
18390
18385
18385
18376
18373
18355
18355
18346
18346
18343
18334
18331
18324
18323
18313
18312
18310
18296
18294
18290
18285
18283
18283
18282
18267
18253
18248
18248
18239
18238
18225
18220
18217
18209
18200
18198
18198
18192
18188
18180
18173
18163
18157
18147
18145
18140
18138
18136
18126
18116
18115
18109
18109
18109
18107
18101
18093
18087
18087
18081
18081
18071
18069
18054
18046
18024
18007
17992
17992
17990
17986
17980
17974
17968
17966
17960
17953
17952
17948
17942
17940
17940
17925
17922
17918
17906
17901
17897
17890
17883
17878
17873
17870
17865
17863
17857
17840
17833
17828
17823
17812
17809
17807
17806
17803
17798
17787
17776
17765
17753
17741
17740
17736
17735
17721
17707
17706
17694
17687
17682
17669
17667
17666
17661
17659
17652
17652
17651
17632
17632
17610
17606
17576
17574
17565
17565
17561
17559
17559
17548
17542
17539
17537
17537
17531
17531
17527
17519
17512
17507
17505
17494
17485
17484
17475
17464
17463
17461
17456
17449
17447
17443
17442
17438
17436
17422
17417
17402
17398
17395
17395
17386
17386
17383
17382
17372
17358
17351
17337
17332
17330
17329
17328
17306
17304
17294
17290
17282
17280
17277
17260
17253
17249
17233
17229
17229
17228
17227
17223
17223
17221
17205
17205
17199
17198
17190
17187
17186
17183
17172
17168
17168
17157
17157
17156
17140
17139
17138
17137
17129
17129
17129
17127
17120
17111
17106
17102
17090
17088
17084
17077
17077
17075
17073
17057
17054
17054
17052
17051
17047
17046
17032
17026
17021
17021
17019
17014
17012
16997
16995
16988
16987
16986
16976
16974
16961
16958
16951
16946
16943
16942
16942
16934
16930
16930
16923
16923
16922
16921
16903
16901
16897
16897
16895
16894
16890
16888
16874
16841
16828
16818
16815
16814
16814
16806
16806
16801
16801
16792
16790
16785
16782
16780
16774
16763
16762
16760
16758
16757
16755
16754
16751
16747
16747
16744
16741
16729
16727
16722
16721
16716
16710
16710
16705
16701
16699
16698
16698
16693
16687
16677
16674
16672
16662
16656
16655
16654
16650
16631
16621
16621
16619
16617
16613
16611
16592
16587
16575
16574
16565
16557
16550
16542
16541
16540
16539
16531
16530
16524
16522
16519
16512
16510
16502
16501
16497
16484
16483
16479
16475
16470
16470
16461
16454
16451
16438
16437
16431
16428
16418
16416
16410
16406
16402
16401
16399
16389
16385
16374
16371
16364
16364
16362
16360
16347
16344
16343
16338
16332
16330
16323
16319
16313
16306
16305
16299
16296
16292
16277
16276
16276
16273
16261
16261
16243
16238
16232
16229
16228
16228
16228
16227
16226
16225
16218
16213
16204
16195
16186
16183
16180
16180
16179
16179
16179
16178
16167
16165
16165
16161
16160
16152
16152
16138
16135
16134
16116
16106
16100
16099
16098
16084
16084
16078
16074
16067
16061
16059
16050
16050
16050
16044
16043
16036
16033
16032
16027
16022
16012
16010
16007
15996
15994
15977
15975
15968
15964
15958
15947
15943
15941
15940
15928
15926
15924
15921
15917
15914
15906
15886
15883
15881
15877
15876
15867
15862
15861
15861
15855
15854
15851
15849
15844
15839
15836
15830
15829
15822
15818
15813
15810
15794
15793
15787
15783
15778
15776
15760
15754
15743
15731
15729
15726
15723
15719
15717
15714
15712
15709
15702
15693
15690
15682
15681
15675
15673
15668
15666
15664
15661
15658
15657
15655
15651
15632
15617
15593
15583
15582
15579
15575
15568
15558
15548
15540
15535
15520
15520
15519
15516
15514
15513
15508
15500
15494
15493
15478
15477
15471
15470
15469
15467
15456
15454
15432
15431
15430
15427
15424
15412
15410
15399
15398
15388
15383
15377
15367
15366
15359
15355
15354
15353
15350
15345
15341
15327
15322
15318
15311
15306
15296
15293
15285
15283
15283
15280
15276
15275
15272
15271
15267
15262
15245
15244
15212
15210
15206
15205
15202
15202
15194
15192
15190
15187
15168
15167
15166
15165
15158
15156
15152
15149
15149
15142
15140
15130
15127
15124
15105
15104
15097
15096
15094
15089
15075
15071
15064
15058
15056
15053
15049
15035
15028
15026
15020
15013
15013
15007
15004
14992
14976
14970
14968
14965
14962
14956
14946
14945
14941
14930
14927
14925
14924
14918
14907
14898
14884
14880
14880
14880
14875
14874
14874
14870
14861
14858
14846
14841
14836
14828
14825
14800
14799
14787
14786
14785
14781
14777
14761
14735
14735
14729
14729
14710
14703
14699
14695
14693
14685
14683
14671
14668
14667
14656
14654
14641
14637
14627
14623
14619
14606
14604
14603
14598
14590
14588
14585
14583
14582
14545
14538
14537
14517
14514
14510
14509
14508
14501
14498
14496
14472
14458
14455
14452
14437
14435
14428
14424
14423
14406
14395
14385
14358
14357
14349
14347
14346
14344
14336
14335
14331
14328
14327
14321
14319
14318
14318
14316
14316
14315
14303
14291
14290
14289
14282
14281
14280
14267
14254
14253
14244
14241
14235
14230
14218
14217
14213
14212
14212
14208
14202
14198
14196
14176
14169
14169
14161
14159
14156
14153
14137
14133
14130
14125
14118
14102
14102
14096
14095
14089
14089
14082
14079
14076
14071
14067
14058
14058
14055
14053
14051
14048
14046
14043
14042
14037
14035
14034
14015
14013
14009
14003
14001
14000
13997
13994
13982
13977
13976
13956
13950
13949
13948
13946
13931
13930
13912
13911
13910
13907
13900
13899
13898
13894
13889
13887
13873
13867
13865
13862
13839
13834
13810
13799
13799
13787
13775
13769
13764
13753
13747
13738
13725
13715
13715
13707
13695
13695
13694
13691
13687
13681
13658
13657
13657
13634
13633
13632
13629
13620
13611
13608
13596
13595
13592
13568
13568
13563
13563
13557
13553
13548
13543
13541
13539
13530
13522
13519
13514
13512
13509
13504
13503
13500
13494
13485
13480
13466
13462
13458
13457
13441
13434
13433
13428
13414
13413
13412
13407
13404
13396
13388
13379
13374
13371
13366
13366
13365
13360
13359
13349
13348
13340
13339
13336
13330
13329
13321
13320
13316
13315
13307
13306
13304
13292
13291
13272
13251
13250
13245
13241
13233
13232
13220
13191
13185
13184
13181
13175
13174
13172
13158
13151
13113
13111
13106
13102
13102
13099
13094
13088
13084
13066
13062
13062
13059
13057
13048
13043
13043
13039
13032
13030
13024
13014
13009
12991
12982
12974
12973
12972
12962
12959
12957
12947
12944
12934
12933
12933
12930
12928
12927
12920
12917
12915
12913
12907
12901
12895
12883
12876
12871
12869
12851
12842
12839
12837
12833
12832
12830
12824
12815
12806
12791
12782
12778
12768
12763
12762
12760
12758
12755
12755
12746
12733
12726
12708
12707
12705
12702
12698
12689
12688
12685
12685
12677
12676
12663
12660
12656
12643
12639
12626
12617
12616
12615
12608
12599
12593
12578
12576
12573
12573
12571
12569
12568
12556
12550
12548
12546
12532
12531
12531
12523
12521
12520
12518
12507
12492
12483
12480
12478
12474
12472
12459
12455
12449
12436
12432
12428
12428
12424
12424
12421
12420
12414
12413
12412
12409
12388
12374
12367
12343
12333
12327
12324
12323
12321
12315
12314
12313
12308
12306
12294
12294
12294
12276
12266
12261
12260
12255
12245
12241
12237
12225
12219
12218
12209
12199
12199
12196
12195
12193
12181
12181
12174
12168
12161
12160
12150
12147
12142
12136
12126
12121
12121
12117
12116
12109
12102
12101
12091
12088
12073
12073
12054
12045
12029
12017
12009
12005
12004
11997
11993
11976
11974
11966
11964
11958
11957
11941
11935
11928
11913
11906
11904
11901
11901
11899
11896
11894
11893
11888
11886
11881
11880
11874
11869
11868
11864
11864
11860
11850
11850
11834
11834
11827
11825
11822
11818
11798
11790
11777
11765
11761
11761
11759
11758
11757
11739
11731
11719
11713
11703
11702
11688
11679
11663
11661
11654
11652
11643
11642
11642
11633
11632
11615
11615
11613
11608
11596
11596
11590
11575
11561
11556
11552
11551
11546
11546
11545
11538
11532
11509
11507
11504
11502
11502
11500
11489
11482
11479
11479
11475
11475
11462
11455
11454
11448
11442
11441
11430
11419
11418
11412
11404
11401
11396
11392
11377
11371
11368
11365
11359
11357
11338
11334
11331
11323
11322
11319
11315
11314
11305
11300
11293
11283
11278
11270
11268
11263
11257
11255
11253
11252
11246
11245
11242
11233
11225
11224
11217
11216
11216
11204
11199
11193
11192
11181
11180
11178
11165
11164
11156
11144
11143
11143
11143
11132
11131
11131
11125
11116
11112
11107
11094
11088
11087
11081
11080
11065
11054
11053
11047
11044
11044
11021
11019
11010
11010
11007
11001
10995
10984
10979
10978
10955
10954
10954
10939
10934
10927
10922
10914
10913
10910
10892
10888
10883
10883
10878
10875
10874
10873
10867
10858
10856
10854
10842
10841
10831
10828
10827
10824
10823
10819
10809
10804
10794
10794
10793
10786
10783
10780
10775
10765
10762
10758
10754
10741
10733
10725
10717
10711
10706
10705
10704
10700
10691
10688
10686
10679
10674
10666
10661
10658
10652
10643
10630
10623
10622
10606
10600
10598
10595
10592
10590
10590
10567
10566
10564
10562
10561
10561
10551
10550
10537
10535
10534
10509
10487
10470
10466
10458
10456
10453
10452
10449
10446
10436
10435
10435
10435
10432
10421
10419
10415
10414
10408
10407
10394
10388
10385
10384
10375
10359
10358
10357
10355
10346
10324
10307
10306
10305
10305
10274
10267
10267
10265
10265
10249
10248
10247
10230
10223
10223
10211
10206
10204
10203
10192
10192
10189
10184
10180
10176
10173
10148
10146
10137
10136
10136
10135
10126
10121
10117
10106
10106
10103
10097
10087
10078
10071
10069
10064
10043
10030
10024
10016
10012
10002
9995
9992
9977
9976
9973
9967
9957
9949
9947
9946
9944
9941
9924
9921
9920
9917
9917
9913
9911
9905
9903
9890
9882
9879
9874
9869
9869
9844
9838
9834
9830
9826
9822
9821
9820
9816
9798
9796
9783
9775
9772
9769
9763
9755
9746
9728
9727
9726
9723
9721
9720
9716
9706
9706
9704
9703
9698
9697
9695
9693
9693
9681
9667
9662
9661
9656
9654
9653
9645
9644
9641
9631
9629
9628
9605
9603
9583
9566
9561
9552
9548
9544
9539
9535
9526
9526
9490
9489
9476
9462
9460
9456
9456
9449
9447
9433
9433
9430
9427
9417
9416
9410
9395
9382
9377
9374
9373
9366
9359
9358
9353
9347
9335
9334
9313
9312
9309
9308
9308
9306
9304
9303
9294
9292
9287
9284
9282
9276
9275
9261
9257
9257
9255
9249
9248
9243
9241
9229
9204
9197
9196
9193
9193
9191
9189
9189
9182
9177
9174
9170
9163
9149
9148
9145
9142
9142
9117
9112
9106
9101
9095
9091
9083
9083
9079
9061
9054
9051
9049
9048
9047
9040
9023
9000
8998
8995
8986
8983
8982
8981
8976
8976
8970
8960
8945
8944
8942
8941
8936
8931
8931
8925
8915
8904
8902
8893
8889
8881
8871
8865
8861
8857
8856
8854
8847
8826
8823
8823
8820
8817
8817
8814
8813
8805
8798
8795
8793
8793
8793
8786
8780
8777
8777
8776
8765
8761
8751
8750
8744
8739
8729
8720
8719
8719
8716
8711
8704
8703
8701
8695
8695
8692
8689
8682
8681
8680
8678
8673
8657
8651
8650
8647
8643
8642
8637
8630
8625
8622
8608
8606
8594
8593
8591
8586
8570
8567
8567
8562
8555
8554
8547
8546
8536
8533
8529
8522
8516
8510
8508
8504
8500
8497
8475
8469
8457
8449
8448
8446
8446
8440
8428
8425
8416
8415
8409
8408
8405
8389
8384
8383
8369
8366
8357
8351
8347
8336
8332
8330
8319
8313
8303
8293
8284
8280
8270
8265
8263
8254
8252
8248
8248
8238
8223
8216
8216
8209
8208
8206
8206
8203
8202
8195
8193
8188
8181
8157
8152
8137
8130
8122
8121
8120
8114
8111
8108
8100
8085
8072
8043
8038
8035
8034
8031
8029
8029
8013
8010
8007
8007
7991
7990
7990
7984
7984
7980
7975
7966
7965
7963
7963
7957
7955
7950
7948
7947
7947
7943
7941
7941
7933
7922
7914
7911
7901
7873
7873
7870
7866
7857
7857
7851
7845
7829
7828
7814
7813
7811
7810
7806
7802
7797
7782
7777
7774
7759
7742
7735
7732
7724
7718
7712
7698
7696
7695
7684
7683
7683
7676
7668
7667
7659
7657
7656
7653
7652
7650
7649
7641
7636
7627
7616
7616
7612
7607
7605
7604
7600
7597
7592
7588
7584
7582
7580
7577
7576
7568
7567
7563
7561
7561
7554
7550
7547
7547
7544
7543
7541
7520
7514
7507
7506
7495
7494
7487
7485
7484
7483
7483
7479
7479
7474
7473
7467
7466
7465
7464
7461
7460
7457
7452
7451
7437
7423
7405
7404
7396
7395
7387
7387
7384
7370
7365
7361
7351
7349
7344
7333
7333
7329
7329
7327
7314
7313
7293
7285
7282
7275
7261
7257
7249
7234
7225
7224
7224
7215
7212
7210
7209
7201
7200
7177
7176
7170
7166
7160
7140
7139
7139
7131
7127
7126
7125
7118
7115
7109
7102
7089
7085
7085
7077
7069
7064
7057
7056
7053
7043
7040
7035
7033
7029
7025
7023
7022
7013
6998
6987
6985
6981
6978
6964
6955
6951
6940
6936
6926
6920
6901
6899
6896
6895
6894
6890
6865
6863
6862
6862
6858
6844
6824
6815
6814
6813
6811
6809
6800
6796
6790
6774
6771
6760
6758
6756
6750
6746
6744
6744
6744
6741
6728
6719
6715
6705
6704
6704
6702
6701
6693
6689
6680
6679
6677
6673
6672
6672
6666
6651
6642
6642
6635
6633
6629
6626
6623
6622
6618
6616
6610
6603
6597
6593
6588
6588
6586
6564
6561
6553
6550
6539
6537
6530
6529
6517
6517
6517
6515
6509
6508
6508
6498
6493
6477
6471
6467
6463
6440
6436
6425
6425
6401
6398
6396
6395
6394
6392
6386
6379
6379
6374
6373
6372
6365
6361
6354
6347
6342
6338
6337
6336
6333
6327
6323
6321
6317
6313
6311
6303
6297
6290
6287
6271
6267
6267
6264
6253
6251
6242
6234
6234
6234
6233
6223
6218
6217
6216
6214
6213
6211
6206
6203
6199
6198
6195
6192
6190
6188
6185
6179
6174
6167
6156
6146
6127
6122
6121
6119
6113
6107
6097
6092
6089
6074
6069
6067
6063
6057
6044
6043
6042
6040
6036
6029
6024
6006
5995
5990
5989
5983
5983
5979
5965
5955
5948
5945
5944
5943
5941
5937
5932
5926
5916
5912
5905
5900
5899
5897
5897
5894
5873
5866
5863
5863
5860
5856
5856
5850
5848
5846
5843
5840
5838
5832
5825
5820
5819
5812
5810
5810
5806
5805
5805
5804
5789
5789
5788
5783
5770
5768
5763
5762
5748
5748
5744
5741
5741
5740
5738
5730
5724
5717
5716
5709
5705
5699
5697
5677
5675
5661
5657
5653
5651
5648
5634
5599
5599
5592
5580
5580
5579
5565
5560
5545
5535
5535
5516
5512
5512
5503
5499
5498
5492
5483
5477
5473
5458
5452
5445
5445
5438
5433
5427
5420
5416
5415
5414
5408
5404
5403
5399
5394
5390
5390
5388
5377
5369
5368
5364
5356
5352
5344
5343
5341
5336
5335
5313
5311
5308
5301
5281
5279
5274
5266
5264
5259
5254
5249
5246
5245
5232
5222
5222
5209
5208
5201
5201
5189
5185
5178
5175
5172
5170
5166
5160
5158
5157
5152
5138
5133
5132
5128
5121
5116
5114
5111
5108
5103
5099
5096
5093
5092
5084
5081
5081
5077
5076
5068
5060
5049
5048
5041
5040
5039
5026
5021
5010
5000
4992
4991
4988
4983
4978
4964
4960
4956
4956
4955
4944
4942
4940
4939
4937
4926
4922
4920
4916
4910
4901
4897
4896
4888
4887
4886
4878
4875
4862
4853
4850
4846
4843
4838
4836
4832
4802
4801
4797
4797
4797
4795
4789
4788
4786
4786
4784
4783
4782
4779
4778
4776
4768
4766
4765
4761
4760
4757
4756
4755
4751
4746
4745
4745
4738
4736
4730
4718
4710
4706
4700
4699
4695
4686
4683
4683
4670
4666
4660
4660
4655
4652
4649
4646
4645
4643
4642
4635
4632
4632
4618
4616
4604
4600
4595
4592
4588
4583
4582
4577
4573
4572
4564
4562
4561
4559
4558
4555
4551
4549
4537
4537
4529
4524
4521
4507
4498
4494
4493
4491
4486
4480
4478
4478
4475
4468
4465
4463
4454
4440
4440
4436
4432
4431
4416
4405
4400
4390
4390
4387
4386
4386
4385
4385
4373
4371
4367
4358
4353
4345
4343
4340
4332
4331
4331
4328
4318
4314
4294
4293
4285
4277
4276
4272
4267
4253
4252
4237
4235
4227
4226
4220
4216
4214
4196
4196
4195
4190
4190
4176
4170
4170
4161
4161
4161
4160
4147
4147
4145
4138
4138
4129
4129
4124
4110
4106
4101
4088
4081
4074
4073
4065
4064
4063
4058
4055
4053
4049
4041
4021
4018
4010
4009
3994
3984
3982
3972
3955
3950
3940
3935
3932
3921
3912
3900
3898
3894
3887
3885
3881
3876
3874
3868
3868
3867
3861
3860
3851
3850
3848
3838
3817
3815
3813
3807
3801
3799
3786
3786
3780
3779
3777
3770
3762
3752
3749
3737
3734
3731
3730
3719
3706
3700
3689
3689
3682
3680
3679
3675
3668
3662
3648
3638
3634
3629
3625
3625
3622
3615
3614
3613
3611
3604
3602
3588
3586
3586
3582
3573
3571
3570
3557
3552
3544
3543
3539
3536
3535
3530
3529
3522
3515
3512
3510
3508
3507
3499
3497
3487
3483
3482
3473
3468
3460
3447
3435
3433
3427
3419
3418
3414
3413
3407
3379
3378
3375
3373
3365
3349
3346
3345
3342
3339
3326
3323
3323
3323
3319
3300
3295
3289
3281
3279
3265
3263
3262
3253
3241
3222
3215
3206
3204
3201
3199
3193
3192
3188
3182
3173
3165
3157
3156
3153
3147
3141
3139
3137
3134
3130
3125
3120
3119
3090
3080
3078
3078
3072
3049
3047
3047
3042
3038
3031
3029
3023
3020
3015
3012
3010
2993
2976
2970
2968
2967
2945
2944
2935
2925
2919
2913
2893
2892
2889
2885
2882
2882
2879
2876
2874
2871
2862
2862
2859
2854
2851
2845
2838
2837
2833
2830
2826
2822
2815
2803
2794
2792
2783
2780
2766
2753
2742
2734
2732
2718
2709
2700
2696
2695
2693
2687
2683
2680
2673
2667
2662
2655
2651
2649
2646
2644
2631
2622
2615
2611
2609
2606
2605
2602
2600
2590
2584
2580
2571
2570
2546
2538
2536
2533
2533
2531
2525
2525
2518
2518
2516
2513
2502
2497
2496
2482
2480
2478
2476
2474
2468
2467
2446
2446
2438
2425
2418
2401
2396
2392
2388
2385
2379
2376
2358
2357
2348
2342
2336
2335
2325
2323
2317
2287
2276
2275
2274
2270
2269
2266
2265
2264
2261
2256
2249
2247
2242
2236
2232
2230
2218
2216
2216
2214
2210
2199
2198
2198
2195
2185
2184
2181
2180
2172
2168
2166
2165
2159
2152
2152
2146
2145
2139
2130
2127
2123
2116
2111
2110
2107
2106
2086
2073
2072
2064
2063
2062
2048
2033
2031
2020
2004
1993
1985
1976
1966
1966
1966
1965
1954
1954
1950
1948
1946
1936
1927
1926
1924
1922
1910
1907
1906
1901
1896
1892
1892
1883
1881
1863
1859
1854
1848
1843
1835
1833
1831
1820
1811
1809
1802
1801
1796
1793
1781
1767
1754
1754
1751
1750
1749
1744
1744
1738
1735
1734
1733
1716
1711
1711
1707
1706
1695
1695
1684
1681
1674
1667
1658
1648
1646
1640
1637
1636
1631
1630
1627
1627
1622
1615
1612
1610
1608
1607
1599
1587
1586
1575
1569
1550
1545
1541
1537
1535
1503
1496
1494
1493
1492
1491
1489
1488
1488
1482
1480
1471
1469
1468
1468
1466
1460
1451
1446
1444
1442
1438
1433
1431
1405
1399
1394
1393
1388
1384
1384
1384
1378
1372
1369
1364
1362
1356
1350
1338
1318
1311
1310
1300
1296
1292
1280
1267
1266
1265
1261
1250
1245
1242
1226
1221
1220
1218
1206
1199
1196
1187
1172
1147
1146
1144
1139
1137
1135
1132
1130
1129
1121
1117
1117
1116
1111
1109
1097
1091
1083
1080
1078
1077
1071
1070
1065
1060
1058
1056
1031
1031
1024
1023
1022
1018
1016
1014
1005
1003
999
998
986
984
983
983
975
972
971
970
965
963
954
945
941
940
938
937
928
924
923
921
920
911
907
905
901
900
892
892
883
860
859
857
850
845
842
842
839
833
830
821
817
814
813
807
798
783
780
763
758
757
749
741
732
730
721
719
717
716
701
701
698
692
690
689
682
680
676
674
667
662
661
661
650
646
644
639
616
615
611
610
607
605
604
601
599
597
592
586
568
563
558
554
553
546
542
541
540
534
531
523
517
505
499
489
475
473
470
468
460
442
439
439
431
431
402
394
391
391
380
374
369
352
349
349
344
341
340
338
334
321
311
302
297
290
289
289
288
285
282
257
252
246
242
236
234
233
226
225
219
213
209
205
197
190
188
186
183
176
174
173
166
163
159
156
146
146
145
140
134
130
129
129
129
122
119
117
116
107
106
98
93
90
89
84
79
73
71
67
67
66
64
63
58
57
53
52
51
49
38
25
21
20
16
0
