6000
30787
13707
4700
11359
16806
14800
17280
16729
25288
10875
6287
25400
22336
1811
31750
22362
130
22159
5899
10267
28174
7870
31558
30548
30183
27366
7922
23074
12615
9644
24372
8681
12689
18995
31915
13976
391
12424
17992
26158
18109
31038
26208
19837
5965
23637
1535
15917
22477
24417
14976
17925
13694
14055
29018
15206
4294
22283
20029
29464
27617
30568
12126
842
12755
3648
19471
14291
27041
1749
8594
7102
10688
14102
8751
15366
24526
22654
23172
1950
16512
2106
285
28852
29660
4746
9284
13111
20904
3433
27162
25751
16930
1648
5863
12492
5873
18424
19887
26777
28764
31103
16134
17682
698
8013
14884
1116
20521
15702
21564
17332
10883
8547
6666
15026
4494
6253
32684
15311
16755
4937
690
7718
1394
32395
12920
29815
8915
20900
4788
13681
28704
6477
3147
14641
27793
297
24681
12294
27592
8357
20944
30327
10686
3876
30832
27271
23294
857
29496
9783
3345
499
27693
17229
27449
24448
8889
3156
15202
6539
28741
16100
10069
19208
31498
17187
9775
16371
2851
31884
6673
27699
13799
6127
30234
18884
21367
31417
146
25109
29331
14198
1384
1711
16050
11156
3295
32024
3153
10858
27268
8695
32651
22905
14435
18296
234
8689
4730
21234
29821
23415
9838
24008
26410
5157
27517
23949
9798
6610
5812
5995
30051
10388
8034
25285
22121
25220
26572
32539
6121
29889
24098
302
7597
3512
10674
7013
6036
2210
14428
17776
6813
29261
16454
1835
20545
19232
2513
27333
12294
10842
5579
23073
30545
9882
29670
27516
21371
10148
23912
24913
29224
1378
26661
24953
27604
6185
26026
10135
15535
7742
17084
14003
16299
6809
31489
20005
24531
4328
29948
9653
29662
17111
23103
13568
30724
21135
16347
2590
6672
28284
13084
29569
19383
27220
32371
288
20264
26965
15028
8405
29156
32206
129
23044
27088
25056
19974
27774
2184
11654
29928
22181
14583
11731
9335
1744
31525
16763
25643
15345
21071
24213
4686
22901
22845
9631
15094
12907
28880
9667
23350
4073
15579
13912
25749
30379
25395
2476
5311
28670
16650
23809
30075
23004
2680
27093
6365
601
2139
31847
26045
4670
26721
21366
2152
2803
21347
11596
23444
23458
15861
9723
23962
20889
10043
19175
1503
26608
14846
1924
3731
14956
1022
20321
1695
8100
14218
10598
16344
11874
11087
90
28025
12876
3182
23719
1744
21444
30417
27490
16951
30476
26558
30342
15430
5806
16044
12928
8007
7451
16470
1265
24298
402
20495
10415
23611
11331
21333
21261
1488
26037
29608
15964
18503
21861
12957
15793
25328
21424
1070
15849
29894
4850
25428
22507
21924
25584
5336
22573
4021
6515
3173
24442
3373
20278
10211
242
20022
6146
13568
338
15149
22296
29967
7029
26383
18639
4886
28187
22062
32382
16418
30442
7465
20892
27102
16050
27674
4646
16228
6901
23057
29761
30803
10407
1218
289
4642
25650
22650
3881
30644
701
5208
1364
18220
28846
24249
28115
10754
6509
32244
7160
29527
23659
2376
26962
30853
21348
9746
19994
22523
19937
9539
22733
8776
9728
5394
18715
6517
21111
6894
20992
31384
22999
10679
18225
1446
2830
26669
14777
14217
7984
23465
18404
27250
10359
11019
9308
20593
29320
3571
6290
31811
14327
15412
1631
27755
20750
29061
11500
19588
16330
22906
13519
24789
15655
30643
18294
20518
11165
24660
13769
16338
4843
21684
29195
30238
2323
6234
24833
30409
11430
4645
18007
19940
5185
3530
20543
31972
22360
12676
1627
15862
5170
31750
8157
4498
5941
24245
1261
19027
1892
18452
32587
2822
15398
12927
24117
27393
8265
2845
4491
13494
17990
1296
49
29319
4551
11502
7605
15836
6758
20597
817
1139
11192
3706
3955
14328
1674
8995
21084
7126
18282
17494
18310
9548
5738
8817
9257
8643
1056
24892
15424
5983
14321
7452
17127
5076
21392
20617
27144
23931
12225
11713
9526
15013
22115
16574
5081
17199
23981
28006
22156
28758
2232
7683
21443
24269
20797
13810
12209
30477
16033
7327
31593
28653
11822
29873
24387
24434
28836
21377
17537
19944
24816
3281
16946
32561
22587
26299
20823
26206
8998
18919
3141
30588
23636
16897
32074
19376
20522
25194
16531
19335
19922
25390
32077
21383
2438
2615
31243
1802
29707
13504
20584
17740
11131
5388
1005
29890
26952
30807
53
6317
4478
10509
16974
25840
18248
16698
12643
17438
10934
321
27288
984
9149
32466
1078
6998
24192
16406
3080
16451
23757
5932
17669
15822
16619
20953
26670
16894
13715
4475
27834
5445
5948
24383
7025
28761
17052
20628
29014
25663
11371
20448
5512
2216
9834
23921
26218
25729
30116
23734
25090
17606
7667
16815
28063
30103
1735
12962
16575
4493
23843
29200
30511
23374
22248
9447
3700
21855
15190
18681
21098
3130
21712
28589
32043
18081
12255
4340
3634
4145
19322
2687
7361
21050
7813
7984
10623
28366
5783
2766
13158
4632
29696
32252
5084
11759
9995
5740
26144
21419
4736
10064
32232
24632
22381
26129
12617
11881
3622
20292
31190
17294
4235
22490
12556
10824
14729
16022
27630
28572
15844
4549
14828
30279
563
15657
19209
5201
4652
13366
16701
12005
7457
3201
12568
18528
7115
7285
5545
13480
839
29255
15262
26559
10590
14125
26540
4760
15881
21195
15410
553
32308
25326
8729
29889
963
23421
14590
22940
22227
25261
4755
11957
9282
15731
15682
28891
15729
24639
25108
20999
17736
30695
31186
10733
11899
32481
23914
21713
28428
12982
13715
29852
3346
32179
3508
18479
26808
10466
3586
3319
26504
27193
8425
7873
25834
8976
1966
18896
3047
25305
8786
813
32307
523
28345
31551
27755
26975
780
16027
923
22847
1883
22813
21507
17787
29319
12088
5403
6463
3679
394
27348
30530
1801
20148
4129
19007
2468
1896
2742
14761
13867
18628
19471
22171
26780
4318
25525
5390
7514
8608
9917
25934
29904
1494
28817
431
6744
27781
24819
17531
4699
20094
15166
6704
13241
4660
19183
25576
20587
8651
29029
24089
20839
10097
16613
24446
18883
25585
18657
1109
17694
21381
30586
6603
21820
5356
13379
23989
8944
18109
6216
26240
1599
20219
26447
18283
27074
16617
11869
17651
32076
21792
11132
11663
31693
10206
25276
10910
2166
12705
1144
7582
26398
11765
2266
23966
5093
25738
9377
26870
32279
2185
31522
24373
27219
8744
12685
22363
16364
13949
18290
26185
17807
8591
22660
26997
4390
22195
11164
27106
12029
31510
13057
11088
17443
3734
25062
15280
12308
5846
31540
5850
29076
145
15754
12930
21214
11054
4226
1640
8446
21141
5943
25808
29308
19266
19460
14130
16698
17559
2446
29490
23455
1399
9476
23506
28917
22288
32165
25319
15632
4600
9603
16074
5937
380
1927
2127
26666
4405
11958
29947
19394
30940
4786
369
24922
23134
3460
8238
4049
1587
24216
16502
16550
23020
24329
16782
22108
27916
19232
9772
25123
25
17687
7212
23732
25075
29986
11396
26237
16228
27312
10106
21246
4343
8941
8469
883
6926
22668
4561
21683
13359
197
28566
9304
17823
6553
21227
12576
14898
11613
31848
23187
20321
12150
20073
998
31901
5730
3850
7712
25827
22264
1615
7547
1681
9456
19618
24077
7544
7333
23939
15271
27442
14874
17019
24830
22965
16699
27217
4616
11305
31590
129
30121
12791
28202
22762
8847
12323
28495
17351
29531
29915
14870
24032
26113
18768
27073
12546
2673
13764
32086
14508
17527
19428
18593
7947
25823
27481
30328
17960
24030
13466
67
29025
5805
7684
16059
8982
8823
24364
30705
676
24181
9844
3730
24215
15192
19676
13930
7963
13799
31771
21032
15540
17129
31471
24161
3887
12869
5041
3543
2265
19816
18732
31482
12782
13543
19887
4783
30804
16741
28769
7249
10121
27576
29909
757
7387
71
2270
17395
3031
8630
19621
9890
26371
24262
8440
8546
16592
24438
12261
4064
14538
28015
25480
7829
18706
23454
16161
3984
2062
4387
20073
15478
12895
15210
7975
31175
4371
27543
30974
16226
4124
9000
18313
14924
6401
5077
27306
11181
1492
5819
24862
14619
16484
7866
341
4635
25011
10780
13441
3813
26027
30583
26606
11368
18188
468
10385
2446
6057
2064
7395
18881
26836
9091
20720
174
6167
12768
2218
2889
21541
5724
3204
31249
28175
5651
9276
28821
19131
21415
13304
7735
2195
11818
12181
13360
11642
1854
22588
31956
28932
13434
30774
30743
30438
8208
4353
8529
3499
23725
12195
16958
17833
12449
23358
30537
29748
23616
20965
18698
30481
8072
1966
32525
19501
17156
7176
4053
20879
10223
14671
21024
16780
9117
4766
21357
16186
10775
29669
30652
1831
3078
6203
18069
6218
19410
14965
2379
26937
19978
5111
7810
32157
26887
15818
9967
28643
6092
10223
28511
17205
21553
6899
15355
4521
23617
30660
22730
27320
26336
10691
4983
30193
2993
32538
597
11758
25142
23376
15520
18312
7225
30747
26630
6471
8043
10357
16229
5916
25164
20977
30423
13907
4170
4176
8428
19907
14637
14159
31030
17992
4018
9924
14347
12147
31606
9449
21382
3199
534
13048
20943
28039
19349
4088
4252
10487
17918
24022
9720
18753
11338
7351
15940
721
29827
28813
7035
17986
26922
25832
6586
17106
29143
8976
23807
27923
20255
20048
3120
24036
19898
31380
15712
7584
13541
28983
30543
12181
29702
14358
27695
29112
21391
3817
20910
9366
11556
22227
31280
12174
28416
6199
4956
30014
28309
6862
11739
19515
20082
17398
29276
28677
31594
12109
10204
32314
1267
13695
28452
21513
21708
21852
22419
24554
2531
13102
12573
15244
31349
8777
16276
8719
8567
27875
13094
5748
31541
20006
2600
20050
5433
21124
16402
13514
21870
4683
28106
6588
15493
31353
16165
24891
10136
6097
25003
18239
21773
6190
20634
2970
12478
30232
8750
6702
11094
661
14880
860
8446
16705
1388
22720
4922
19105
9048
16923
14861
10421
8114
24208
12388
25036
8793
17940
16306
9628
14335
16160
3799
20626
6188
31912
14406
14695
3206
30801
2919
31988
23889
15583
32058
15431
26418
13548
3134
246
15928
20960
7057
15283
540
7965
2392
4385
18376
5498
1121
26855
15383
17139
25863
29442
25564
6815
3414
5983
7461
226
5232
937
17857
26595
16687
19296
11007
4160
6156
20011
9913
16897
64
22639
3473
4555
17449
12832
21115
1622
28910
4055
892
12833
22886
6693
945
5477
16438
32552
9874
23623
27962
16987
4216
19793
12839
16050
93
31779
8814
3815
26339
5222
611
20494
28312
20738
12702
29296
22905
29585
5281
3222
22453
20499
16828
25764
15283
16611
29998
9193
12117
5866
4237
26803
20095
23058
10600
10856
19155
28157
27434
9170
31935
28408
20545
14267
1466
23338
30336
954
26570
23569
4802
5452
13898
17456
18385
29990
17386
5377
25734
31946
29175
8497
19761
10841
1245
7948
5178
26280
8682
16183
1545
29077
23124
7069
11300
26780
26494
4779
2967
7077
31863
25280
8857
9248
20675
6623
26988
29268
18527
11688
23173
17652
23807
20358
17901
16116
11418
20777
29671
3994
20776
11575
23251
24792
26027
2110
27730
32729
23660
15854
15787
29658
2695
20101
3950
30523
3241
16522
30807
1750
26905
19134
14196
31631
4853
23120
29066
25132
12991
18768
23990
1384
22552
22886
9552
24130
30922
18116
31508
24219
24844
1881
11652
18944
30978
2631
14472
4293
900
2968
6744
24915
14880
20524
28571
25538
27234
24054
6865
21419
30802
1129
31470
27703
27199
18732
30023
23164
25019
3349
22194
10762
9703
32085
20457
24512
8945
9456
4400
14053
730
12913
18744
13428
17277
17883
2882
1206
28109
23266
24711
22294
21086
9051
2264
11314
28455
26098
11906
18990
25222
13595
4468
19277
3972
4683
28068
31426
22363
20839
8366
29635
3125
20605
21182
14048
311
22450
9905
10643
23486
13691
13687
13336
2536
27408
22716
29054
599
32030
2247
9727
12593
15548
20898
28557
13931
7329
9083
25773
22856
26260
586
5512
21788
25891
22708
9023
25430
21912
29231
24960
9917
13865
24680
13911
23546
17519
20450
11334
29527
16410
4063
27287
30662
17890
20867
2033
26405
22209
25143
27434
24512
24415
25932
11868
18200
21454
20704
14395
19939
13175
12806
32677
30035
2388
31777
11643
31131
15456
26513
4272
17840
17484
9106
6303
21580
5748
24416
18850
8761
24337
28320
24544
5580
23216
3323
5222
32688
25571
1292
14458
6372
2358
15996
6955
8711
16228
30571
27949
2004
971
11538
5860
12521
798
30631
13503
22732
6234
23937
11719
7215
14331
24957
6264
6771
7023
20640
25039
20588
16587
4862
27300
4196
4797
986
3898
15202
19649
5390
19733
8108
28568
16814
31499
8330
23031
5096
18334
2893
22908
16942
29065
15760
18405
10136
28313
190
2180
7043
29886
16084
31214
27775
6498
29800
12276
616
31481
1003
2516
27602
10458
20011
30896
23210
15693
13339
2622
21531
24037
26071
3010
6063
5648
8931
22841
439
16364
20403
11479
27884
28508
1137
692
22358
4956
30970
25795
20077
16785
29226
13059
26239
24612
5209
15353
16721
8657
16165
14685
26633
2107
22130
1300
31819
24707
7344
6750
1187
28184
605
14161
22563
14289
3786
12934
27981
11065
17953
22802
4147
2602
12455
26807
17372
22173
26431
31324
21226
12480
18736
28859
21370
23369
16167
16218
8780
23050
12160
7612
6436
24262
1985
31448
1135
30788
32615
17610
7210
14241
30694
22729
1024
16362
7659
12121
5810
29675
12260
6337
188
13889
3522
7616
28214
28599
30205
22652
20472
20431
5081
22971
31745
31646
17129
28245
11546
7901
11217
22762
9654
4926
7759
21456
31261
4604
19581
28495
17865
9142
19280
8209
20496
17021
31845
4564
25604
25132
17661
4706
24472
21239
13894
10435
15876
12871
2780
11441
8554
24006
7567
29260
8121
7349
15719
24079
22226
29574
741
29955
3049
21927
2700
15666
23086
10652
14496
607
13485
21328
27182
21236
16243
14509
14156
18748
17395
29802
10914
29906
17576
11044
4649
30810
29691
14001
19763
12142
4710
7089
15276
28891
30682
32101
12959
16654
19550
965
6651
2249
13306
26572
6040
9243
29139
6679
27509
23950
18071
14254
24900
10658
3611
16674
31528
13946
24643
18392
14781
9174
14627
1444
9561
30529
27747
4761
31889
8332
26600
11552
11263
8826
2480
18504
29507
13245
3326
21597
23368
27681
21176
30140
25033
21000
2317
7653
32275
23574
30298
15058
25356
15149
27471
28808
8820
156
8270
4331
5483
29843
531
17878
11827
12507
12698
8555
5944
21443
15165
2216
17229
24414
18718
11323
21305
6379
21700
920
29810
31893
7177
32328
7464
6493
23859
24452
18821
26964
7777
30722
7732
31245
1065
12815
5152
31058
31615
9182
4478
31254
15064
7200
5133
1451
24208
23764
20636
19765
9353
30817
27598
3935
2838
1250
12314
1612
22295
6593
25877
29137
17765
19335
11252
4577
27504
6642
1356
9544
2854
1097
25629
16540
24087
14316
29199
4465
7127
3375
26875
25037
16292
18024
9645
28636
20809
17735
22505
28132
13634
10854
29611
15994
18465
4897
18355
16631
18737
27048
23873
16934
22616
31570
1310
25919
2882
18741
13787
6425
23995
18163
8029
28059
349
31702
6042
23924
20588
14880
17565
24587
26622
24732
10192
22457
11615
23161
28282
12343
17075
20824
11143
16722
11997
17828
24200
18918
15520
290
27642
5897
21764
6089
27339
11143
22780
27347
27418
31631
15941
25108
6719
4267
29585
20363
26635
10741
20453
12599
4432
11401
4416
17707
13220
30774
11901
9189
20067
29817
122
21724
21747
27051
1658
4440
13900
31353
18888
10630
32183
20885
9374
16332
28885
22443
28740
20058
20196
1431
24188
11010
5438
9941
542
32073
27938
8248
19200
23230
9911
3807
31000
32138
25934
21350
19173
18761
24808
23897
27402
4632
24824
19182
24893
23023
21610
12531
2655
30770
10979
7941
23532
24450
21323
13315
30358
30169
905
22210
19501
13014
11661
26370
23746
30805
17812
31393
20236
22851
15783
31503
26635
17073
23141
14082
9706
15142
17667
15467
554
11322
32401
3752
7933
27232
6271
3323
25584
28420
22111
7483
19917
30934
7404
28361
30144
1637
21068
27078
5048
24303
5010
7811
16
7543
25479
18745
30831
29209
13994
15867
11245
3483
117
20712
21111
27460
9698
3749
21364
27889
31022
22795
16296
32101
8925
15388
8793
11489
7166
3900
28081
31732
7600
13982
1636
18581
10725
6396
12947
4463
4454
7563
28655
892
6936
17966
29985
1493
12413
14825
25194
14281
13181
21401
25990
5420
24935
2275
21719
13553
26419
15723
1471
22012
2826
22086
25166
11825
3848
8625
541
12241
12608
26371
19065
14598
27904
13024
22980
25020
24919
13232
16921
23475
213
14927
22319
6354
28306
13062
4992
11199
11377
10939
22698
5804
32422
13412
3861
31860
10358
17090
26838
26598
26174
19019
19411
7520
18615
16232
10024
10913
21880
17632
14282
10456
4285
7828
106
25856
21606
15470
30877
25200
6211
29076
14137
27566
3982
11233
7170
9605
16313
16277
15494
22615
29803
6987
6213
25524
13509
30764
22549
4138
7657
23139
7365
13151
18109
30160
8449
23134
4332
19201
12917
28207
2862
4190
17974
1706
18634
15267
11357
24460
21081
16276
9973
9163
5068
20972
26647
807
27568
19862
15187
17922
16305
1311
24146
21361
14941
6508
19642
23955
5675
10408
850
10274
6588
27009
32359
7495
10592
1684
30574
9395
4572
20005
9706
28907
28779
2580
1936
14051
23554
5132
29609
975
13272
31230
32185
9526
14118
18126
27486
22344
18987
17228
16762
11633
3188
17253
11412
26926
9306
21403
18556
13088
25548
23218
2862
27231
10831
940
22265
32272
10306
1016
30689
1338
26471
4583
4161
2261
15519
8031
14517
13348
1781
11475
22326
24389
24542
18546
29063
10247
8383
3487
32465
3323
25008
14498
31882
16078
21888
8861
19098
7125
9977
14785
4801
2538
15205
18881
16179
8823
32337
10375
17542
25808
6800
6951
17102
25286
17539
1809
16903
7033
31128
17290
3507
30829
22801
8029
29635
8416
31239
28365
27323
5979
25262
13775
25362
21896
1242
17014
18391
23107
25538
19375
29339
24051
18180
26670
5770
8475
7914
29096
26331
2348
32236
10307
31851
32670
19318
10827
16036
18238
5099
5158
21412
15306
6633
23690
23451
12219
3279
16621
31605
23650
2172
22077
31418
6198
16986
4562
30898
18285
1948
24225
31948
15049
28867
4786
26176
28853
28263
22740
32500
27792
4916
25231
13725
6217
16179
30298
17190
25644
4170
11790
16213
6395
15367
31131
26796
4161
13977
14841
9101
18147
19231
2146
29858
32248
2342
32191
31356
24026
11116
3680
10874
20349
23530
19951
21741
0
30994
12199
13433
17026
16470
5825
3263
17463
489
19247
7224
18107
16841
9869
25956
21670
27133
3413
4901
9312
29211
2130
31845
7479
8206
4695
2815
12974
17942
28208
2525
2584
8720
6361
7774
7782
16888
11246
28922
22078
4524
17507
18728
16461
30195
16757
8319
27101
6333
28640
28956
938
19117
30035
17221
18673
7636
4129
15947
23755
7616
32569
16565
4537
18613
9816
17306
20352
11834
17021
3407
2871
22231
17054
30531
1438
22814
6297
19238
17329
16360
5741
31569
30077
9697
11178
14946
16179
10823
5926
13862
6267
8942
24818
31165
13834
12168
12428
15096
12663
4643
21334
5894
25418
28915
1863
592
9047
25938
24033
28577
25418
31749
19299
29322
22402
2753
13887
24837
8739
32493
6862
14424
13414
2474
5955
18748
23092
19729
29662
28479
9204
28347
31586
22375
8865
13191
14280
6680
10783
2199
26421
11319
3535
7580
15658
27536
2913
29780
17402
19061
22505
2385
29314
24232
821
31227
18964
22396
9566
19416
4276
7990
2718
14603
31623
11193
20833
9755
23944
16995
11935
9462
11901
13106
19560
10550
32298
20267
30401
20898
10180
7676
2734
27384
22952
5856
23440
4074
17741
24771
689
2662
2935
23975
19742
23066
14510
1350
15285
1080
26095
21240
18814
4214
20897
19160
27711
22362
1226
23074
842
1460
22659
5856
10394
31084
28586
8902
6174
23421
30934
13658
8533
6978
19600
4440
22299
12017
15296
26964
29123
15717
8805
30625
5989
5408
4745
19826
32377
5264
11125
7487
7845
26513
28961
1130
25556
15924
14318
6179
6024
24766
30871
14729
29809
17652
8293
29969
6206
2198
12707
28972
18355
29994
18514
12324
14588
28922
22302
10567
22593
352
12432
32072
14970
16961
12420
18914
12933
30424
6622
24766
15477
6069
31865
26007
13102
517
14176
6044
1071
11283
27457
18966
21934
783
28958
20554
21226
22031
10566
24737
4797
29267
13956
13062
19568
21709
31126
24208
20180
5344
24800
14945
28046
27753
24674
17870
22707
252
9704
23488
4757
21104
23936
13657
30684
29341
6705
32731
3544
27236
14058
2502
2837
28656
17337
19265
20016
21052
21309
19899
14058
15829
15454
14034
5499
16098
9275
31348
9257
9313
25700
30788
16152
10419
8522
2111
20068
859
9460
15007
5741
18435
20979
20223
25202
14015
17047
9921
15714
24982
26723
13997
11502
19263
16319
15322
8931
25384
27629
14290
6327
701
20286
30705
2401
20454
29574
11278
15726
10449
22221
20574
7506
31987
28743
28308
32252
14153
391
31309
7085
7652
2031
19628
14089
19108
25195
833
2159
8516
32607
17968
32134
26262
9949
14735
29976
23824
13596
7695
27940
2696
22821
25823
22318
2876
11216
15053
1754
5653
13039
20143
28345
5677
9417
22273
8035
32142
32714
6863
15558
13629
19064
470
23997
20087
4009
28646
2533
22842
27379
28554
18860
1031
14693
28651
31914
26855
17012
6642
27189
11180
27960
173
16431
19833
21977
12532
29731
22916
22340
25676
14992
20251
23842
23307
2181
27877
4618
8637
21358
16747
15861
17863
814
9430
26867
15690
19054
32762
5661
1610
22836
1172
10955
16656
7607
15056
22023
18892
1906
2063
3137
5503
119
4838
27460
22040
4358
10346
6760
10717
24926
1707
31497
23053
3539
12414
15673
27844
289
11904
11442
3614
18688
24919
18958
5279
6392
18747
1083
9427
28535
26294
9769
14385
4385
6311
19653
2885
20071
7053
31019
14095
18267
3586
4887
31142
8642
7814
28573
29216
25963
18046
12315
21430
29376
13948
3435
21540
18331
22465
25437
22863
1627
1793
4196
10794
29494
27750
32143
9946
23505
5335
25275
19481
7437
12409
6920
1496
15140
6774
7561
5416
16374
3582
28224
3418
21405
11404
6985
11365
17223
14699
6741
4745
27205
11896
6746
7474
12639
3625
7561
26911
6251
5838
28545
16323
32286
15127
19394
29676
6689
983
18532
29090
23911
16135
22793
1362
11455
8206
32272
7724
10661
13632
29707
4041
32094
22180
30579
5905
23108
29178
28827
9820
10078
22524
7139
15575
2611
28389
558
19754
17120
28208
21910
30551
3689
1954
1630
6629
845
8586
9255
32319
7261
1608
24423
9303
26061
11532
16152
29070
140
32736
24237
18136
28625
17129
18506
16923
25847
233
16180
11993
32138
8457
3719
27151
10146
2518
12327
15709
8303
30089
24568
30054
16662
23435
28498
14202
3515
4920
27823
23155
15071
5092
29607
18140
7405
30235
14623
8793
13839
6701
10173
19010
22086
6122
8351
24978
442
23467
13388
30208
4431
5266
26602
107
16760
22546
23218
17531
9040
7857
24482
21382
9191
32268
24433
14000
7641
17436
5832
1111
10534
22457
1199
25774
7485
604
7494
18855
31066
1833
5301
24087
10002
11053
22117
28693
19245
4836
31857
23202
6323
6398
23383
12944
23113
610
30196
15004
9662
13172
28079
25310
28130
19091
17140
22371
26263
17382
31204
25112
28458
2649
30538
9193
30435
6626
10705
26923
4058
5897
21365
7479
9229
32679
1848
8536
176
22766
12054
2792
11204
32425
11834
3253
14315
30661
29554
4010
2683
29713
4065
16043
18385
22338
9716
2496
23016
30010
17559
25718
17706
25482
680
17282
16261
1077
28331
7592
15810
11703
9920
29659
27410
5189
11475
9382
16106
22615
19219
3786
9489
24164
7333
18217
27640
21484
3737
26082
27977
1468
27933
11966
9410
27502
20720
6347
10564
3119
282
31046
15399
8389
7387
21950
25297
5840
8673
8567
16007
22863
8893
27149
5762
615
16792
14169
18502
23136
17186
8856
4655
18417
19916
26826
27725
5565
10551
31833
25458
12573
4588
23035
10888
17952
30029
9433
22056
23760
10700
19953
30313
23479
30554
19129
758
5026
1058
7941
19812
14501
31096
15914
28098
27743
29964
1892
23921
15743
6756
24949
13366
16519
22665
14735
15245
9681
14336
26996
19520
28879
17659
18652
10809
13462
27089
28183
21140
31134
19884
25075
28665
12483
2945
19168
26921
22416
21830
21330
15830
12733
22367
20327
9656
15350
28761
26058
9693
15327
4314
16343
4161
4436
22488
1280
8606
11509
16138
9583
12677
20450
27548
14316
10414
30915
30503
28418
12685
8716
17632
26973
22309
13695
14096
24951
1569
22770
22724
116
9249
30802
20421
22602
12626
12520
10954
18724
10305
475
24557
22025
4081
26102
3932
11448
29739
15020
24145
25815
14357
6233
32324
14925
30470
32715
13407
18157
26521
257
30002
32596
29952
16178
26792
30484
667
30226
27193
12306
3529
25680
22882
31020
8703
16227
20050
8223
21271
5254
1767
31400
12778
15105
8152
2794
28448
15275
28212
17168
8263
20909
3339
11315
23331
26760
29546
29822
6981
15194
9869
10384
9695
31069
23633
7201
24535
5040
8680
17897
18970
6234
23248
4797
6195
16012
11270
29692
5404
2086
10103
11561
19028
7293
19383
9433
7473
16475
11253
15568
22136
3912
21551
30055
18475
23048
15778
24625
1442
20069
26501
9693
25053
19503
26614
9054
10265
2944
2357
25162
17057
30788
18192
28800
17383
26361
16542
23310
1491
1716
29232
20562
21339
13413
19333
11615
20564
4955
30269
31393
5000
3851
24720
7109
9992
10765
24640
14035
25284
15975
460
5789
21848
4878
22503
3165
12073
27306
24360
5274
25521
28570
18947
17227
29975
8504
18680
15167
7683
9822
8970
13500
19888
10537
12915
22375
10819
8188
6550
27491
3419
10184
17461
9661
12009
21387
2276
5128
29250
5399
32446
27460
2418
8981
23382
15877
25299
73
27889
24017
5343
2072
1266
27593
15427
9287
26261
23691
52
4101
3552
29528
12550
19500
25303
30834
13563
10436
11504
11976
14169
1993
23238
19669
19903
15661
29201
31942
1976
12321
15318
10203
7313
8593
219
4367
11112
15341
27230
763
16774
20527
23302
5368
6895
25626
21530
19332
20790
30143
15089
6119
27798
6214
4778
31510
2879
19947
32285
20439
4846
17223
7696
38
8384
20433
8111
10711
11080
24484
3894
30334
2783
10883
17137
10892
23611
23578
29286
12218
28996
4486
19921
7851
17442
20504
10704
3020
8347
22870
4960
7040
30620
67
24584
8570
4373
25569
3668
20329
4106
13043
2693
14043
31976
23815
11143
8795
18965
21684
31779
2525
1738
18209
9334
9821
13349
27846
1954
26818
28794
22391
27075
22536
27883
24990
12837
6814
24888
8904
7604
12045
29144
3427
30131
6107
15432
6597
7857
32431
32163
8817
5049
4789
1907
21910
8650
9796
30406
24537
30598
20415
24965
13396
23854
4537
28162
5599
10446
20060
2256
17806
17077
2571
11479
31355
20008
16710
29095
1733
19032
21966
21517
19928
16273
22282
27876
28655
19635
10666
2606
20184
10470
21130
24164
20471
28042
26841
14858
32654
15469
29562
901
31036
5697
13738
24881
14787
30029
12004
18863
15886
98
20993
28284
4978
27153
14244
13512
15668
20507
20437
12421
4939
12073
22252
21950
32360
16061
4529
21546
13620
18793
5313
20737
24280
21823
6964
29454
16067
12424
12412
29958
19879
14009
12688
12824
25541
24994
26955
24773
22635
31465
19470
28658
15035
439
5805
14907
1965
6321
21641
907
344
4138
4345
29929
2925
24726
14319
2709
12548
10562
27096
10324
14235
1859
18115
18440
25435
22701
29894
30339
20638
16389
26013
4765
1711
31736
8085
644
10192
26444
3497
21332
25218
13592
6890
30440
2048
15664
7460
5103
27661
27876
21182
7234
29167
12266
30690
7541
27324
26008
14046
32683
10452
13910
30666
9903
27823
23892
21355
10561
3801
14968
11608
4782
2874
16539
14683
25252
20891
5108
28698
16195
32614
27860
14071
3447
26285
4756
16180
25478
1646
716
24667
2533
22550
6342
29149
32336
5699
18739
26617
11545
24782
17948
14303
21697
25097
7963
18198
18373
22853
12746
27163
186
11928
32380
13899
15516
29661
13611
11010
3940
30459
3762
30213
9944
18795
17980
22301
12199
24820
18173
26373
4277
13753
25120
17798
28852
374
8448
29409
14836
1031
1946
22637
4220
28970
23363
17537
28249
27525
16790
23956
23094
12523
19377
20643
27693
23515
16801
16084
5341
24137
16922
11864
23229
6561
2667
661
431
14346
31410
16261
20697
10984
10828
7257
27312
29348
8336
10595
27477
5039
1469
3378
16677
23748
24624
7423
29580
25198
12763
21576
19481
21451
2546
28602
5592
3215
24295
12116
26332
2123
17561
970
10267
6896
21193
11047
20351
4751
20429
183
57
9826
29576
1060
1369
22288
22169
23519
23195
9261
25043
22209
14212
15104
20973
12531
20654
650
9083
8203
17249
10435
31517
27255
24418
5415
24055
3615
17168
25713
20065
14918
32172
20903
8415
8369
11257
12374
7507
25100
17157
23583
16497
6537
32070
16754
12660
19402
7656
25498
16399
15617
32358
1018
32423
29270
6744
20118
19647
25225
3468
12245
26036
6616
14423
14213
18346
21795
32301
11551
1734
22606
21104
14668
24734
999
1926
18601
9197
28168
5166
3015
16524
639
17172
14455
5021
28205
163
28740
17417
22956
15130
28736
17198
14133
2274
28164
17873
10176
2335
17906
18778
15212
12933
24253
31040
4386
1132
26156
2242
6517
20007
19226
21720
205
146
6338
25193
1221
15851
5945
3262
14545
7139
21820
30775
32292
19444
32556
7484
13009
7668
10071
32631
23600
4331
25465
25920
20611
26146
25475
9049
9177
27260
26010
20700
23603
27145
11107
30577
12518
473
21630
5060
22848
17422
16976
31287
11886
25141
26886
29652
9373
20951
12758
10117
24416
8010
21128
9095
25938
25293
15926
6940
14076
3029
4944
11392
19705
30369
10978
17183
16727
20
11546
27141
10305
3012
20229
8854
23515
12367
7577
4991
16238
32238
31224
9196
15813
4940
10995
22268
1751
29848
10189
31601
20646
22744
66
941
8038
24961
1480
6618
22754
28741
6677
17512
10012
3885
18145
11964
28211
7911
749
27174
22922
16225
18500
15124
17447
9879
24513
18054
89
22953
1489
13250
17054
31792
19578
5705
13251
10706
24221
13321
28237
3604
2168
31700
27416
11888
10606
16401
8510
6824
29451
2482
23866
30553
6467
5990
4942
5843
22522
23823
12578
5160
29130
6006
12973
9347
3072
18493
32344
4795
3047
11798
19553
6440
22858
3379
7550
3510
10804
23550
1220
5175
15354
10249
18630
19198
7547
18248
8193
9641
28327
10622
3192
27198
14654
24053
6811
1146
18138
8562
1901
9061
6192
2152
4582
21802
24979
6508
31638
5414
12474
27625
31884
63
8130
7957
11894
9079
14710
15651
13066
6336
29391
24251
6564
26131
23991
8871
18480
21180
30994
19919
27466
9976
16895
10087
12708
2497
27227
25959
22184
28905
22664
15675
16479
22374
21612
27836
13458
11757
1468
20320
26927
14786
10106
21421
29677
21966
5308
25844
23859
18930
4784
7483
23095
11419
31709
21371
29283
662
12459
23052
5116
4390
28966
349
23557
5716
1023
13032
5473
23431
20179
14437
13113
22100
17328
830
19101
19351
18390
2116
20334
10435
30650
928
6267
1910
27729
14604
28394
3921
25994
1091
11482
10758
32285
19893
12102
15794
19587
14208
7980
24942
5445
5788
21999
16416
29306
3157
24827
7576
5259
21503
26791
12760
58
6373
32351
20146
28131
26754
5634
921
11777
5364
11913
13233
14067
7085
28138
21032
16385
25708
13371
14537
3482
27755
27163
19662
21215
12762
3662
26102
19558
29581
18087
11224
30775
6386
30763
23927
3867
22085
10867
14102
8983
24839
14930
27214
1843
18604
8120
23645
25727
18324
19158
7873
8280
8252
23683
22022
30696
23222
15839
732
29932
30294
23350
24940
8122
25519
1575
21228
4738
23229
17157
1393
20948
24932
1405
19973
3682
5657
8313
26874
13320
4832
27973
5246
27145
31862
28144
14703
26780
4559
28406
5744
18343
20419
27675
8508
10954
32004
15514
4666
28319
12883
19071
20050
15168
13043
22866
8960
8202
10590
8181
2214
7329
7224
14799
24359
15156
12161
13099
22705
8195
1550
13530
1754
12830
22330
4896
15855
16751
3289
17358
17032
19962
32109
32683
30048
21604
5789
4888
29028
17330
3042
8692
20490
84
23940
25278
2020
6242
19397
5369
6517
3365
2651
14037
32323
21977
18468
15883
3629
32689
24342
22537
20223
3868
16501
30031
25156
1607
29000
9241
1372
13539
11021
32318
22478
13608
29868
11864
23519
14874
18346
20517
25955
4875
5535
12333
27347
2145
16874
11941
27808
30105
25507
18836
26311
17548
25553
4660
166
11761
19421
4507
28429
25380
22599
24730
15513
1318
9112
30438
27709
3300
32152
30069
10786
2236
17088
28715
32433
21309
18418
31414
14318
10030
11880
31927
32007
13522
13291
4386
16428
7275
21317
29927
674
29181
18680
18642
7955
11860
20528
10927
3625
12616
11255
27059
22875
14656
20648
23063
12294
29685
16806
3078
21183
3193
30541
27065
18664
23159
24873
225
5249
5820
22630
31557
22593
14582
5768
2732
9189
25276
1117
19453
23241
31695
29999
26021
26805
25504
8765
25913
14585
23570
31341
8284
9148
4480
6715
7396
17809
25602
32757
17464
30027
21996
20522
26108
19475
17304
15968
19953
29623
18534
28165
28950
12101
29952
24488
30228
20953
15075
15977
7384
6067
12571
8622
18818
5516
5709
5912
13950
12842
13307
2230
4592
24115
1796
21368
2646
32319
20842
8678
3689
15152
31064
24337
17475
11462
22884
21962
31687
4718
26129
20499
8254
3675
19608
19155
27966
5848
28392
4558
27344
4573
24811
22483
29905
20192
19211
7991
20889
21229
22005
1667
7131
11001
924
19818
972
14452
6529
9726
11144
11293
51
9763
8881
8986
15377
27971
17753
6728
25431
21059
546
11216
13657
11702
19363
19195
14089
5201
14606
29255
30911
5535
6672
30650
26938
21238
505
31606
23010
682
3613
9358
6223
13184
27514
8216
16655
25702
24475
5763
12196
17505
22716
2859
12237
11974
18734
23083
21511
14253
20989
18546
5458
23715
209
23066
8248
11679
9490
25333
29452
568
79
1384
12656
3860
21985
4988
20761
28580
7627
1586
983
30734
24293
32535
719
25451
29754
2073
7947
12851
16814
1433
15158
19701
7140
3777
4768
16204
26462
8216
29065
7950
13030
23635
17051
29638
20781
20335
5560
12901
13747
26620
1014
8500
6374
6844
5352
14349
10126
25708
2336
20683
16744
7650
11761
15359
2833
22104
7802
3557
22310
10248
5599
14230
10922
15097
14042
16510
24744
27160
27763
13329
12569
16010
18443
6074
7943
13633
159
32020
4595
717
30539
1117
7797
18805
25869
25384
16930
30087
5580
17233
5810
13292
21657
3638
16483
14079
27956
30756
7064
15776
26322
24592
28102
4227
23581
22408
7568
27086
5245
26345
13873
31460
17046
25041
14875
1147
3090
24535
2269
13557
16032
11642
23626
16621
22076
18776
8408
27152
14514
16801
11590
26670
19037
1482
7554
26768
16437
134
21705
6029
21257
3570
27408
26712
14344
8719
2467
3868
646
13174
31500
24907
21245
15943
29238
4147
30546
29539
19666
29138
24666
26587
21754
19435
4253
22696
17940
21849
26714
22172
6394
24996
29387
28312
23384
27346
6313
8704
5717
28031
23539
17260
2165
19248
236
2976
14013
9957
18531
31423
6425
28653
7990
22971
26108
3838
26393
28688
16710
27013
15508
16818
21098
12091
24139
26947
1488
9721
6530
25226
32120
26573
24544
22817
29921
18253
27251
20333
7209
20011
3573
12755
11893
2570
9294
10793
18323
7056
12121
18283
15582
15293
6379
19888
32098
11131
13330
16988
15681
16758
25498
2198
28758
2605
2518
8701
22551
11850
9629
26518
10432
4910
16530
20233
2478
27089
4776
4110
29960
8137
32486
15906
15013
26280
19816
10878
10794
17803
18087
8777
10355
26864
5114
23821
13365
9416
2396
12136
7649
23758
15471
22020
30411
18198
3265
27848
31627
15593
334
26192
32163
3536
8007
6043
4195
2287
7698
11268
32010
12436
7314
5492
16942
19472
15272
19669
8798
19398
16890
30410
1541
13185
11507
16541
13457
32523
21259
2425
10453
13563
31560
11225
1196
7118
3588
31552
26592
17721
17138
18987
11850
25534
28764
3139
22842
7806
24494
26840
10265
22350
19256
20875
9292
5900
26928
29002
9308
5172
10230
1922
2644
1966
32668
911
16747
17386
31910
29816
16099
16943
26638
8409
2609
6704
12428
23328
4190
6113
30996
26108
18093
25480
28831
32019
24702
28695
22318
22004
7282
9145
21516
11596
27856
28331
340
13404
32552
17485
20660
29354
26422
10873
11632
28663
28936
21267
32682
14962
24163
29665
29920
7467
4964
20637
12726
6858
30307
11081
20726
129
1820
3779
21461
9535
28945
10137
26488
10535
7466
7966
9142
18752
1695
11454
10016
7022
22295
20878
13374
18081
3602
29223
13340
2892
14212
17077
16901
12313
30146
14667
9359
9947
25250
31354
22488
32195
3038
29729
3342
28888
3770
6790
17205
12193
5863
31654
23844
11044
17574
7370
22737
21
15921
22107
3023
20807
28758
8695
2325
9830
16997
3780
5121
8936
16716
20485
17565
10561
1537
6635
16672
15958
23328
16557
12472
16693
26070
19931
19334
19203
22013
32751
11242
19253
24968
26661
17666
13316
3874
6796
8813
19226
5138
9309
21845
29330
18786
15500
12972
32287
31808
25246
18101
26763
7588
24506
8647
32100
5427
24066
25166
