8000
24346
23944
2651
25598
28012
10768
21901
10829
29718
5521
28625
13165
1583
14099
25374
13388
19587
32136
26286
15113
16704
19632
6229
21244
21491
24890
24594
10742
2483
16428
12772
6858
28060
13700
8670
16652
25984
9759
32382
31256
16088
14555
25915
30550
2049
6905
1373
17853
2469
25541
1297
28310
29815
23416
15549
5507
5923
10589
15505
14271
12420
11571
20575
28839
12824
2003
30124
26490
1714
5906
30727
19037
12655
26857
10137
31394
22763
27091
24062
20041
4789
21111
17747
2759
768
6279
5520
32007
9371
26344
15384
21167
19747
24851
8591
6308
16759
13755
492
720
28268
17584
2767
24867
6594
23555
13332
26071
8023
20587
1704
8441
3739
29927
17819
21797
15428
13733
11639
2449
7235
23075
15825
32076
30710
12948
16669
24520
21663
13445
1735
29335
7701
19136
895
30834
27065
23664
19412
5503
26028
20359
7428
1236
18495
2653
26642
18231
21419
14489
4890
12071
16899
22357
25826
28193
11622
19581
20145
1820
18553
3448
2148
19030
31508
6411
12990
15954
14140
18554
29696
6689
6738
15344
17081
13538
11913
26144
21216
3717
24734
31533
22816
21972
32195
18119
6259
4019
19932
11672
28146
17318
7661
24030
20204
20885
20179
29529
27957
21708
15411
4711
30144
14406
4017
15982
7536
24619
21602
28538
28716
3223
24195
11047
5682
22941
23403
9410
941
140
7614
10411
18057
15984
31204
22269
26246
988
18105
29041
2955
20967
22150
16512
24126
26741
31793
21448
22225
10680
28848
8625
28190
22262
11459
19024
25847
2700
2787
396
5559
4915
17781
25727
1053
5250
9540
15903
8027
4276
29742
32541
27241
16300
2078
27917
32415
22326
31290
19656
7299
10384
24157
3086
16096
14121
3783
11888
25624
11432
24595
365
442
20016
20842
23516
22103
22242
3319
27786
3474
23460
19610
23587
27255
7201
30433
18006
27662
25873
2100
20020
8239
26555
7247
20953
6295
10936
11254
335
13884
30713
21219
23727
16094
27660
12804
23945
28895
2714
16867
20358
2388
31797
10598
7244
28764
22864
27832
3746
32689
9871
2183
20693
6012
26178
19824
10842
30062
25388
4023
16564
524
6280
32572
24473
2122
23374
15274
3152
2908
10418
30962
26717
11977
15853
18424
10080
25793
23873
22411
7227
22192
25655
16795
8563
15379
5932
14502
24793
5003
17931
10612
15977
29231
11868
9476
27250
23847
15998
9926
24311
24951
7728
2827
19541
24088
8279
18873
14631
13389
507
18755
22887
21044
6802
24024
24790
19355
24961
18651
21661
29974
27872
19604
8244
13646
19837
10277
29059
156
27684
4031
8263
13015
19486
29973
9400
15210
22264
13329
24937
20393
5510
30662
17519
5989
31270
27559
965
1981
8265
3318
30959
24632
9520
12415
24542
32273
32244
4229
32020
31186
28361
30461
28424
17188
1923
22522
11980
12006
18778
28777
1005
11132
23018
15614
28571
3946
26494
23918
21257
13857
8845
14303
21783
24344
28805
28828
19247
799
15304
2574
10604
5105
1268
16616
15874
23048
6504
30881
15322
25781
4868
19495
22652
16495
1327
5842
306
26476
31519
2454
27498
8302
11093
8318
1117
16352
1126
3157
1006
32545
30465
25766
9941
24096
8494
13800
21500
17193
16084
16370
12585
19710
894
30901
27358
2858
16734
10025
13182
4242
403
10888
15792
5197
29095
16827
13832
5301
19036
26385
32741
12478
5032
5175
14741
11143
27134
613
19392
20015
10447
15061
2051
7146
7761
2937
6875
3156
11391
13293
21701
16389
31585
24235
3747
25445
8333
14974
11618
13249
24558
18489
2266
23199
27076
12456
14837
4943
14828
14023
5140
20163
31842
6706
19886
18849
6916
32221
7226
18581
22680
9989
18256
28396
7441
10342
30475
25439
22286
19887
16817
14124
5796
23347
15510
17260
17757
30177
5181
28832
8064
18294
28609
7309
21139
13041
9075
4682
25887
11591
30405
18583
19379
3673
359
23152
20267
28195
25519
28130
10290
25142
24126
32030
29702
12136
3297
13772
26236
17354
18613
25249
23875
3290
30095
4916
14444
32250
16026
30221
7210
23329
1602
6399
32727
7121
3409
953
11832
31305
5464
24727
6914
763
593
10174
12701
14400
16258
103
295
7755
27557
19579
27068
17243
4165
4705
12021
6197
26731
14611
5038
11474
31354
19064
25357
9557
2392
12270
2752
31552
8398
7461
10885
24294
16690
7476
15600
19748
28227
30182
15721
11596
9556
21845
28532
2914
32429
32187
11061
17035
32302
25476
21299
11202
22325
29096
22364
9421
10178
26679
26953
879
28377
2358
17860
18656
16936
1961
14215
10618
1770
27889
14151
15541
12811
26712
19697
26965
21389
15595
5684
25058
28970
16776
5695
17753
29755
10039
13004
14369
11992
31165
605
2368
15425
3695
20421
14287
16508
21829
30443
27819
19264
16431
32459
15470
25106
13484
5309
17822
30126
15256
19706
32548
18088
25413
19548
19199
32083
1998
16229
8505
30946
30120
17027
26394
6605
6778
8082
18077
2935
14383
1187
6688
20749
20041
6140
16479
6577
11640
3424
27811
8152
26987
8336
18231
6128
7398
6417
29212
29255
13333
15152
17917
29736
12576
19012
23397
27719
7935
51
13360
1630
9872
7735
6464
537
31206
31458
113
20784
2532
12640
3790
24786
14859
22013
2821
4682
1681
21478
21528
9949
20659
22580
12374
8945
17740
28198
2186
27765
4517
12462
25458
10364
23183
13616
13682
7211
10671
4998
22666
5334
17690
12103
16518
7014
9506
9801
16244
30462
31855
2148
28251
17118
1617
15481
3626
7047
3924
14003
29935
10015
27669
25613
23369
32024
21077
28437
7712
12557
18508
16879
18579
1260
7743
27036
31282
1626
9813
15997
32110
6995
7847
30226
8781
16913
406
520
12643
2096
12385
24691
2813
32015
11255
16728
18079
9081
20489
9582
26289
9861
17508
23077
29813
21946
6270
30440
6204
11383
15694
16287
474
26770
20833
4217
13655
29760
29483
14056
4071
10037
3483
23533
6428
8972
21234
25493
29787
20200
22996
26052
1677
13916
4255
9265
9238
20360
31485
8626
23307
27781
28085
16058
11679
23556
15559
32543
20703
32049
4023
23841
17312
19166
20521
19881
20917
8669
26286
22990
22373
18093
14814
29085
22812
28250
9127
23578
17248
20126
20708
26754
26375
31052
16177
17619
1447
1774
19710
7566
591
21677
4067
27324
2676
22898
25907
3631
19246
22091
28884
9994
1701
26128
32334
16004
7621
12358
30753
12776
25146
17219
26972
32224
17560
22931
15723
20212
13017
3739
12849
31566
15117
18044
12375
18880
17997
19771
32227
10760
32753
28958
32524
16978
15619
7257
31052
30206
30707
12777
3256
18852
13451
12737
22413
18517
24614
26660
30731
20004
541
11346
24710
23525
20611
29286
12730
22581
32018
13439
3935
25019
20068
30494
8957
5805
22887
27855
16642
30101
28427
32012
25618
15189
4669
12894
29342
25192
2585
21445
696
10092
25691
11610
4133
14045
31767
19507
22708
26660
22699
12679
21199
10704
30961
16658
29264
803
24249
28347
12182
20176
28278
28533
1239
4867
30519
29027
21943
6818
30425
7999
29978
13266
28283
29436
15671
14270
23347
7082
28143
16276
9983
31387
17756
10959
9727
31684
1708
23228
29665
19813
25392
18231
17820
15085
31152
20662
865
12056
24578
29578
16078
8538
27354
16481
22886
29312
10212
15886
28478
31893
15888
6285
23032
23042
10286
16705
24565
10234
32186
25729
25543
18453
15865
22611
10213
25915
20805
26743
31395
16324
13476
9128
24161
1245
928
3614
514
13614
21587
23895
7584
24250
6594
8471
1917
11782
108
32174
5437
6781
31010
23417
7507
12819
26136
12203
11450
18473
7741
16973
17637
2992
15048
5508
13816
18578
25363
21011
26936
22605
2733
23840
12224
1505
21931
31547
26999
26861
5950
9372
6206
31765
7819
28332
13166
29350
17846
11976
20353
4477
30528
14913
28175
3877
7572
26535
2557
16191
12508
13639
13297
3367
22297
14578
21256
2516
19059
15616
24012
4352
31181
11925
8032
18825
6045
16675
23806
1304
2811
27440
28580
17152
30456
8282
9737
23145
19504
27800
726
4013
6307
21698
11027
6402
2496
8276
6367
22106
21699
28783
26213
16519
31041
18464
17675
21411
4609
27109
29932
30895
10254
11885
20617
12922
15370
14496
16571
4548
31173
10975
11501
13476
18959
16781
15239
21799
14026
30414
30381
11066
21827
5006
10538
9674
10946
20934
1959
16169
16223
29690
31265
28852
21272
30215
6554
2483
26913
15131
13838
28032
7547
23813
30888
31980
30920
175
30262
11998
13918
21480
17883
7229
12442
6247
28675
784
26486
24589
18844
1252
21854
24171
3972
9326
1600
29572
22077
18034
9443
21460
8680
14820
29305
29073
14961
2892
23671
2864
4103
10095
9380
811
17359
4395
20336
25858
10457
11939
19592
15232
20819
29084
3495
7231
31740
24359
32687
3182
30172
14977
6648
8914
17459
22327
30696
2827
10927
22157
12484
19993
25057
21537
25029
1054
4594
17868
7791
21349
26002
4809
15134
24740
18738
9753
9698
5246
10867
37
16780
23116
19422
2982
30473
15389
213
14786
28911
32763
26057
10615
13654
10865
26798
24125
4585
2634
13740
18919
3645
12698
23576
11723
22625
3
16290
5922
24502
8753
10704
31410
4608
10919
4011
13226
28350
10174
24504
27085
25783
23274
27689
8914
11734
30016
17749
779
7479
32053
6246
326
4994
16809
26193
4593
3448
32292
9996
3457
203
5215
11515
22036
31539
32518
23723
84
14270
25020
3266
927
7784
23136
8758
13670
25067
30606
15550
5075
12248
30825
1926
9135
9959
14744
551
25986
1931
29583
21974
9724
21194
11792
2779
11667
19276
3313
12870
4974
3250
23071
22493
14210
11561
28899
20568
10235
7486
28260
14289
30173
14836
19310
13430
15595
17683
17265
20865
25288
14276
11469
1642
20828
9051
9804
15962
12409
5236
15856
29668
25278
11329
29936
13552
18876
25634
17661
8951
5464
12150
2761
17270
8816
28594
31178
13468
11458
28336
32060
6726
22537
21321
10853
22318
21608
17445
10268
26207
8716
11474
12172
26861
14350
22804
2614
15330
4758
23164
12597
10875
27718
27708
29126
4245
9942
18746
15111
354
9979
10339
30975
18016
10126
21314
8415
19084
18410
2769
21127
17875
22934
11919
13132
15561
12580
22994
26105
10397
32344
27487
17427
23373
28557
11064
15458
29718
9301
693
31404
30767
13152
31446
15556
25526
18335
29912
30916
18155
6312
20742
14486
17308
16989
30674
20153
32480
16328
31012
18497
23304
3402
13810
16416
3539
13813
18449
30629
26337
20534
7243
22594
23146
11703
29361
17042
9264
17027
14642
20122
5810
1900
29805
24912
27299
23466
10948
15193
8858
10692
1458
25879
22283
21428
7518
7139
32374
10822
8816
9367
1502
29633
23075
10064
19837
17865
8347
30834
23990
13956
25978
29420
26699
10492
22190
18365
27088
14532
11660
26295
32608
2271
21027
25730
17550
31197
18634
485
19870
2887
7676
14401
4598
27709
17510
28510
23247
32606
6461
16490
2608
21992
725
27199
19997
26144
23920
23269
5132
245
10836
29272
20632
19168
13600
25227
28537
15374
9055
20652
32692
27585
8798
7082
28687
10996
10043
27637
28616
12862
30015
28805
18310
26360
24173
27933
16016
31650
29275
32209
24637
28547
3905
13254
13740
12688
2384
28473
18356
27279
23621
6850
32030
12924
6973
11226
10514
13612
4811
3228
24016
2608
20808
21192
22433
17404
2410
26637
5132
31305
792
1928
26956
21431
3709
13448
12802
21175
11612
3732
24872
27048
26275
9903
4678
6720
30786
14810
27112
9262
23357
29915
23119
1789
19968
9533
8295
23356
22772
31640
3321
18140
335
17170
28194
4313
7728
12838
11524
6173
1003
14500
29627
12705
31137
28409
28562
12757
11541
2737
887
9538
6330
31802
32429
31853
4113
6635
11201
12031
26161
31812
19391
6692
25255
28536
20901
7729
30849
7720
29208
16265
29606
22898
23382
20161
4201
8746
10604
23554
12637
22375
27305
31151
10090
11842
18514
4680
16416
22234
10135
21903
3660
29340
22214
233
8393
16321
6847
1798
7065
7703
12456
23236
26420
20741
6114
24913
27168
8905
14395
20368
194
19717
14437
30399
10100
19066
6311
17494
2776
30227
26066
31026
29291
6949
6263
23538
14685
23285
29783
27298
18848
2939
31771
20375
19775
29541
19781
7577
2545
1887
30823
5960
6894
3218
10642
1464
32001
17514
13586
25183
8414
1437
23640
22577
30647
26217
24376
24585
11786
23581
11605
31819
2237
29658
19417
22471
6252
2203
17257
19425
14082
6771
10840
4591
902
11030
7962
9187
20536
17307
18172
4138
14045
1920
9491
17620
18263
30959
23922
5620
1144
21055
14496
842
8984
6334
31562
287
16229
19630
26164
18545
31867
23181
29301
29264
16949
12698
7652
25224
3394
9108
23502
17792
1403
29125
32234
9570
20083
11071
10638
23164
18000
16486
11554
23271
9946
28590
18902
11622
15570
28582
17808
912
10629
31286
22824
16178
25249
7460
20184
26351
25670
29661
25838
20009
18784
11891
18628
29733
15925
2530
15858
24169
314
7575
17858
29289
26155
8755
23269
4707
3930
5516
5476
392
20808
24564
19161
21340
29810
24255
32478
27231
18797
30719
14278
18925
17205
7058
2955
16227
3011
21855
30984
9859
18141
21724
24936
19738
30514
3540
13791
14815
14758
22119
11672
23199
19179
9810
6126
23959
2897
23408
7902
14882
29919
10113
3516
11412
14242
2859
28710
10597
28741
574
7479
2962
11490
17724
764
576
13336
17433
17964
418
16990
15935
2579
15134
12694
7125
29904
24747
16102
27713
17344
14206
25283
11755
1082
15845
28494
17220
17533
26739
26852
14600
20710
14941
19696
16832
20839
15652
15108
2698
23348
7028
13353
19740
19135
25421
25715
17159
31207
13152
10968
24121
9836
22460
21313
27334
7335
6569
14050
32232
31352
18132
14023
22084
7807
13229
17584
4462
6031
15630
28191
23216
10335
3357
7599
30471
13187
10099
1703
21103
9115
126
28367
29280
9163
9251
19075
29081
15467
12200
24325
26908
10239
8914
24344
27258
29801
19530
13770
28496
17501
21829
29585
25106
17686
12388
4505
9223
11335
28633
32605
13461
21077
18124
11893
23999
15555
14845
4270
2540
11502
17322
15456
9962
1786
28339
11004
14898
9484
11516
17893
2670
27321
27923
13697
568
11455
13075
9871
12325
16627
14536
31163
2050
19067
22803
4463
18781
5693
19088
12781
12104
7063
28023
10139
19801
30033
12480
10141
15861
26320
21131
7849
1486
16780
32702
25111
20651
16068
5872
30520
27496
8560
4742
25833
7997
13431
24091
17256
21059
31010
6950
32358
4403
6608
6358
32093
26225
29932
833
9763
8778
21533
3518
28096
30842
9148
7311
27517
5874
16011
12740
8765
6616
8612
8539
29712
206
7343
20652
29702
2423
21080
1285
2625
4919
7425
1425
7758
28731
11187
5246
15286
18362
27483
862
25807
28026
4147
26318
2008
21141
21374
11606
19013
29565
14712
7569
7768
26430
29581
32654
22257
29699
13001
30069
11687
19676
32400
18286
28439
23742
25487
9918
16764
17100
3826
11315
14721
25556
10711
5571
12627
13597
2307
1904
5625
9312
1236
21359
7912
16660
3447
3464
9170
2798
20315
28096
1216
2473
31718
17974
22624
4611
2662
4171
21664
23560
1354
21765
9595
20114
14226
29878
9747
9233
20100
4568
12289
19592
17313
9020
29929
12504
8919
29028
5713
15169
248
813
28595
18726
13931
15792
18128
27152
12834
15211
22088
4086
30923
7836
26216
5308
9291
25326
26691
14585
30568
29271
18180
32765
22981
321
25474
3347
20500
30184
28181
26115
17543
24323
4777
16091
13191
15782
11024
13039
4265
9831
27549
3871
30686
32192
15854
4440
32490
21428
15881
16734
15127
8885
3499
18120
20266
30150
29148
24652
5526
14813
28359
24636
15088
16011
21961
21073
23715
10718
31176
11944
32741
25479
32198
15882
29929
15160
29109
4976
31318
20048
12685
16070
13561
28858
15005
7408
20406
7442
27422
26891
22469
12298
24590
29429
10523
29453
25916
7951
32549
14882
11167
4929
32188
6418
14827
13631
18006
29645
19302
24075
28025
28170
4344
26300
25718
32302
2178
29309
11091
10095
24177
6616
24329
7993
3475
23349
30704
25040
12585
29853
19575
31288
15677
2756
11288
338
4406
16711
9867
6215
6313
10290
21306
25129
28274
8901
11510
16600
13828
11128
21992
22819
7933
6460
22474
8752
18174
18948
13399
1054
28089
22148
23039
18920
12107
13112
20704
27277
14541
25257
13298
28014
11045
7404
19073
28151
8226
4203
21985
641
1481
8168
26461
2679
17385
16830
21104
10168
24566
25706
3896
26429
4883
31819
8487
23804
1649
7846
22012
14092
10712
19949
28913
3081
22659
23361
5686
26810
16433
309
2719
24817
15993
7125
7066
10163
10334
8679
17251
29337
12323
17264
23931
11382
23905
20858
32598
15162
19286
21269
18771
23831
8576
27548
17394
24802
31338
30265
7490
15803
11463
31403
23192
19952
10941
24391
21126
12575
27523
31805
779
6555
4910
29725
6152
2321
19656
30106
13811
16492
2723
19085
23759
26357
8428
22589
30556
11455
28291
29917
27275
27714
2058
13910
14644
3910
6461
7751
4107
15107
28801
18250
19921
1926
26815
30586
23495
18006
9586
15410
27240
7256
21759
29463
26199
29424
27974
25688
14743
1129
5750
21044
11514
1943
14373
8637
32220
16058
23712
220
31760
28070
24191
11670
17435
31521
5245
17037
27040
16781
28551
11466
9756
21191
16147
11961
24532
13134
4019
5237
7435
20648
22506
32070
14199
14081
26430
24169
25590
18966
19342
8975
25214
1361
8358
3495
27218
1845
32273
15968
9852
27645
30510
746
22135
15232
24967
21373
26412
28248
21853
8477
6176
20035
7304
22812
235
13769
894
16864
2796
29472
16561
5351
13115
21068
26142
31239
10463
4746
4386
18427
6977
19183
19600
11803
19681
589
22786
11115
15944
32342
20332
30423
1342
3588
20983
15549
9276
21304
16140
21932
30244
20385
6830
23148
560
14559
8718
14654
19496
22504
15705
12388
29913
30635
17365
20964
16066
9972
17964
29834
19216
20880
21256
13868
8909
29873
27103
29489
24660
29332
4113
22356
3336
18784
15408
27558
1861
12626
2974
17874
1175
26135
30302
15525
1066
8057
29988
17870
17794
32062
19886
24802
5996
27213
31063
13219
4917
15123
23018
15233
6169
2853
12468
14433
6910
7719
3037
13470
7779
18412
7672
20045
26259
8158
13272
9670
15902
929
15525
5472
24201
11507
6192
5755
20805
24279
8068
30660
23774
28146
7102
18612
21109
10293
7966
7770
20336
24508
29789
5467
18288
7414
6209
13623
27267
15367
29040
6349
15260
31082
14978
34
27456
12763
21081
12126
19073
22900
26293
16151
27184
28182
11523
16850
14927
26890
7542
25287
15813
29672
25689
25061
9813
25784
32164
4374
27857
17752
11981
14020
14731
27166
21216
31132
12557
23485
11474
14738
30986
6253
13331
31269
2452
28742
3938
16868
7822
237
12773
4913
23909
5235
20089
25157
763
26490
5447
11380
11748
6810
28568
5298
6357
21251
11754
10583
22873
20067
23618
14111
30406
28170
12485
19829
28016
32076
18562
22513
29212
14118
9875
28959
2488
20261
10596
21122
18761
388
27218
1496
21028
28308
15224
15264
24161
17761
14277
27354
29069
403
6482
7694
415
16530
18931
4495
11309
29166
25101
1793
19424
26365
2471
29209
550
1478
28611
25252
2342
8989
19438
20427
25081
18448
7702
10389
13079
26242
8348
19885
27407
16662
8362
22630
31612
2639
12487
21244
16436
32501
27048
17949
26306
32698
11593
16295
27159
28189
8253
14004
30332
20623
19779
28884
18891
468
10009
19609
25567
28589
23701
5465
6985
11444
13041
17455
27204
22919
23143
21059
2028
10536
28925
75
8618
1188
10147
14162
18675
4595
15739
26296
26930
8736
17784
891
23042
19114
27178
3252
24993
11817
9176
14693
15265
14388
5328
13169
30689
20611
32763
1004
17852
18769
3508
5269
32640
3332
21210
27297
2594
20240
20004
32443
23856
17433
20405
22088
18182
9560
32497
16879
16709
831
29326
25945
27009
11104
3822
27701
29242
9611
7852
4224
8206
3126
22901
22019
10028
17442
19737
7965
32012
22332
23777
32450
29278
30402
19236
27588
10560
26790
277
14673
15283
25655
2271
30910
9808
8702
28148
10370
19255
8934
30625
21638
8521
29345
29159
2972
25495
26950
30854
20044
21785
12351
30810
23255
27812
3682
23274
31350
32022
16222
4159
13283
11732
23129
27378
1818
22390
3031
649
5729
6336
9950
4100
24710
14292
20824
30898
28776
9127
20408
31561
9656
10674
13280
13110
31489
13290
29506
26162
27878
8945
10310
20502
26284
6286
748
24816
22520
18011
11443
8534
22489
5309
9145
12538
30984
13849
20771
4991
13167
31301
24255
16267
1769
30269
4072
9246
15177
21528
8619
6178
24989
24378
30248
26691
31412
8394
3898
30464
26333
8295
7258
8962
754
7446
8128
26541
5781
21119
28364
27638
30650
7770
4517
29556
1894
6692
17952
26041
27573
32022
10723
24546
11042
23127
20426
1133
3331
3953
17545
32075
25427
30466
18067
25654
8628
13236
13627
1349
26036
10094
31513
12222
21584
27340
30640
2347
28855
22733
11341
5808
20560
716
12338
28827
20477
8370
12276
21565
11938
20841
31778
2041
12513
16276
27431
17818
12840
32381
4722
7913
18158
13134
6868
4224
21561
24197
13353
14041
16484
22946
27706
22954
8479
23842
27874
16757
2743
8881
25968
2906
25752
30620
9037
28465
26384
21381
7647
11221
9813
18266
31148
3522
20170
22664
18115
17379
30334
7275
32344
30373
10229
10249
942
21840
2604
10241
11322
3479
18903
13502
4869
24942
10221
14064
15186
20251
20838
28733
18049
32656
25668
31795
16691
28408
17872
23938
19375
912
11814
27496
8580
1720
3315
13164
17520
13386
11134
9039
20097
21546
12261
3904
12154
4638
26025
26703
22904
2016
28525
14116
8405
11634
17915
12017
21325
9138
10376
27813
19039
3374
25145
13923
31990
26937
2278
20274
21577
9535
6429
13046
18432
22613
4970
20127
1432
23828
32469
2208
9992
15784
29869
11682
15525
9764
6532
5498
11843
20760
10107
5209
14237
8806
28096
3139
1015
25681
26964
12995
11521
23255
23314
24284
8447
8513
32493
29506
13351
1528
18553
14539
24906
22682
18605
15648
32183
24141
8423
2488
25693
24660
10032
18183
23599
2272
8129
8178
15821
552
12231
31111
7264
3003
28004
21227
30149
31253
12534
24979
11759
21617
2971
15799
22918
1247
1781
13060
7124
20118
4650
2450
7138
32395
16431
23317
21726
2627
15175
18519
17856
4325
4550
8934
17454
29331
16411
24329
30364
29178
7181
25081
14775
5160
1349
78
29956
12958
32525
16568
8900
29607
5975
14063
3868
7400
16129
2797
4722
29751
30551
90
19226
8881
30938
4680
6706
19974
14144
30496
26570
23576
26299
8412
29257
5317
26238
3447
11531
5632
13438
31650
29263
20007
20085
22457
3153
28816
9261
29941
22963
6246
32507
26339
4385
3507
649
3861
26677
24765
10969
13079
8600
20374
27527
11940
18027
10735
21583
5658
3813
10029
24270
23852
15933
25279
18829
21975
30154
29358
9275
7063
17257
19573
28986
16090
28447
27668
94
17589
19455
29024
26353
20182
4174
10141
14586
32698
30950
11086
26558
28448
15320
8780
27016
17085
3669
14870
3750
16177
16847
24680
10164
25914
15451
27151
24861
28455
20570
7163
30686
17040
14168
19094
11149
10821
13364
852
4506
27780
8321
29835
11734
4463
26925
1926
29745
28092
15968
24789
6088
17839
31399
15078
19231
7237
1362
20186
21930
691
13339
16273
8851
31758
28680
15111
11447
18764
8594
17892
27634
12651
10246
25934
10140
6640
24620
6914
21075
915
32295
26531
21243
16185
16028
18257
24324
28450
13078
23678
18923
10340
11689
15613
28164
18584
4054
5468
4726
21459
175
5748
29319
28376
20027
24894
18970
18827
32284
25833
2933
3497
20847
25385
8776
9655
16372
3793
26603
28728
11887
30884
11496
13091
25678
15976
31673
25492
1163
12349
30931
5570
3540
24621
995
10545
9706
20484
32343
1321
13383
12642
23328
31078
4099
27662
23478
5905
17656
24205
7773
5615
13349
3316
25000
6617
4944
12794
8507
27756
4079
26193
28628
32513
6473
21047
12941
18655
5593
7496
8539
21936
2035
4246
12507
6194
26026
7931
18766
21807
10224
18350
28385
15023
21759
1813
16179
30572
2552
18906
26641
26246
18378
5697
31620
9080
1878
24505
17677
6731
22737
14513
1071
26634
4713
22188
12334
8053
21035
7320
10519
17913
22308
8027
31232
7392
30150
22704
4241
2758
11150
31793
3523
14668
5604
8884
5096
15120
20547
16347
13804
19932
32153
5607
27610
3357
241
7117
12449
10391
10575
2444
11545
29528
21723
32445
5185
24298
20290
30572
5323
14029
28506
806
986
12324
14341
29267
9482
8623
87
28103
13233
30713
26363
11411
4452
14803
5330
15393
15805
12544
4830
3712
31580
2866
14175
17148
17964
1846
28219
23794
32487
619
24739
23778
28637
31352
16372
28614
3825
22334
14299
10402
8420
4364
19389
30813
8662
1810
9046
22479
5897
6681
2720
22555
11753
24433
10486
3391
19529
42
13177
1769
30192
6279
7859
19341
11092
11183
4986
2484
9637
32678
11031
29591
5133
30076
13992
30956
15927
12740
5571
21248
12302
10568
24668
5894
21191
26107
26601
17070
5921
6191
21443
30458
5355
18440
23760
21838
17351
15153
27743
12998
12591
25293
8787
5579
22453
26033
1668
12777
31631
6864
26978
21979
12370
2038
14300
32744
27646
14522
18048
3187
19259
430
22499
13005
27362
984
25155
17485
31423
1126
22635
24995
28054
27805
31191
6761
27235
1555
28185
11003
25318
18206
12155
19593
29535
17292
2278
19306
28567
5524
11010
22451
16671
21261
7327
17417
31452
25310
2644
9907
17860
18102
14693
4339
2786
11517
8682
20631
32416
24330
29742
28619
28997
24470
3414
26417
2237
19824
8003
13876
18329
24179
4025
21913
1366
1718
21184
14422
15330
8194
17482
20136
20060
9609
17687
16224
11547
22484
7894
19325
31475
23806
29581
4096
6067
12576
15418
6652
13298
31500
6843
237
21004
6462
747
31562
22631
31503
32526
8542
6395
6700
4975
21075
29201
10311
1351
28560
27722
17676
2273
25157
31204
20567
6908
8003
15161
11428
2417
7442
27784
1479
28437
28733
24824
28637
9953
497
11994
29314
31312
5318
28975
21572
3849
3037
17002
14936
22462
10283
21623
28812
3156
12308
18939
28029
27972
13628
13534
26378
22081
27802
24071
2824
25627
19662
14950
12343
12771
26292
12600
4981
29008
11321
6022
30002
25185
6509
1263
11044
28228
29658
26024
31292
26999
5141
28097
19672
16685
28050
20906
6458
6131
18620
26613
3129
5523
25413
6237
19510
28216
27323
15368
26706
25812
1373
21257
18398
19647
23852
13097
11796
20129
24901
5095
9732
29841
12653
7101
27344
16766
26606
21157
8220
22478
13730
7644
28353
29510
1101
10470
22977
14890
4911
24530
24448
10661
16858
24255
15153
8554
32066
31391
23182
21148
787
18235
23500
5612
28487
15992
10190
27905
18423
27864
31897
13084
31601
18243
31752
16636
1164
3592
4800
2047
10552
24863
19303
26763
1881
27057
25105
18348
25558
15577
11259
10238
28652
23469
10108
18894
30921
29816
18488
5756
13654
18762
21399
23331
9812
24499
24950
5756
15530
24011
21788
24064
14845
14453
25199
7757
32642
5861
29543
15051
16144
3936
452
20623
17018
8515
14588
8320
15643
4167
29816
25784
23474
1283
28159
5421
1649
5811
12403
24464
2384
8759
8891
22133
5799
4703
16128
7093
22524
32101
18972
2576
281
15291
8015
8727
6498
23559
25652
15946
28518
6253
14580
21117
27316
12556
14522
14976
12272
20427
24167
23550
19238
22869
8582
8102
21597
20322
24450
1417
17008
10297
25878
22723
24601
16242
11270
18014
5967
17409
8461
23411
1746
18288
1558
11922
5636
21100
17583
14436
31482
8835
17594
8079
26323
29996
7013
31706
19528
1032
9821
21650
29829
5735
26431
24108
22071
19470
13136
15147
25319
1336
2925
17477
16006
3034
12357
7105
5449
25131
18117
4131
951
23140
8404
4619
17664
23492
32321
16731
7056
30936
23033
21912
10212
15097
6014
26003
8604
18198
9364
21064
9938
16308
25406
22790
5547
2098
28648
4304
9259
19794
6118
22276
10830
30453
5149
28474
21076
26406
23552
23151
9052
10842
9407
10595
6708
31990
24762
20031
17520
18962
21308
12667
4537
1917
3174
3583
20328
4865
24937
22664
596
29928
13561
13902
4839
11198
9214
18148
32632
25945
27276
17759
2260
18711
5397
17594
3358
14183
20957
2937
1242
8843
30383
21133
22084
25756
3791
27512
29414
14030
1327
4529
29545
11765
16101
27466
9644
24648
14813
31952
16659
6245
971
5235
13602
14742
7524
28774
17994
14675
7630
9353
27906
21000
10837
838
11034
21272
5727
3512
19276
12833
16290
12051
16149
16770
31380
18240
3779
12314
8995
18631
4046
13907
9639
28146
21867
5215
5141
18736
3935
17858
7029
13495
19217
3601
28054
25965
19172
17145
29440
9481
26563
30594
22826
30581
12542
27797
20717
12151
15956
27325
4409
13969
26705
26922
29191
3110
23258
9723
13198
16349
13830
5053
17850
27467
12591
16430
9178
28364
29769
6215
6297
30129
7027
11642
32303
1441
6348
24633
20184
7481
26760
5047
6533
9718
19267
20210
11986
15701
31380
28401
6713
6456
3046
20042
15237
2956
30083
1512
5257
26921
27122
11019
7953
22521
32131
11920
16153
18525
18984
16755
9533
7628
1414
25234
13681
19134
15692
31156
17906
25544
11716
9161
19069
28168
26280
5236
16318
27843
12854
12486
27403
29261
29318
18253
16978
14377
26908
2381
4176
626
7354
10573
10500
21113
20855
17109
16996
11440
18197
28535
17742
30151
12688
11532
10945
11028
8179
31040
14669
31288
17775
18001
14024
31744
22702
11539
25155
5769
32101
56
19004
19112
27689
9422
21270
28808
19587
21513
454
10133
30022
10819
24270
32153
1824
10049
1391
4389
5488
952
13082
13107
20823
15
27433
19465
27410
4199
716
1889
7559
2521
10566
3014
6173
13566
16473
16705
15057
27061
6398
27445
22663
6176
26714
6536
29597
25328
2286
13571
10438
12003
23566
11004
15382
19338
24468
31794
31833
6480
19413
13048
28841
20664
19924
1174
1088
20198
12726
8684
9354
2913
4470
31576
1406
6935
23514
31706
47
25762
18342
32630
16286
27081
1807
2266
12243
19018
20338
31297
25388
25559
2374
21911
25076
13150
15440
18398
6199
23437
3093
976
21973
29846
22677
12230
5334
2351
22326
27352
31229
25821
14335
11590
17312
6003
11014
2071
6839
20949
23084
2047
31282
2
11015
16262
8336
17490
23840
15463
16301
14332
22623
27702
24283
5338
16323
13382
9013
11377
7254
16586
29232
20524
13409
20282
8819
3816
25308
30713
12009
27573
808
15156
8212
29147
17665
21773
8100
18972
31918
7417
27208
13625
17274
29798
5060
4024
31848
2210
20804
17123
4387
27640
15855
18196
31540
18972
19904
6960
28023
15305
25233
21874
12752
32168
14201
12650
3866
3700
5720
16197
19296
30812
2992
6222
7760
18856
3255
15541
10220
160
17322
32399
16259
28329
30307
7711
12000
22194
15150
31572
11713
19150
28633
146
12683
3362
9994
10934
25915
30722
32725
21076
23968
12631
7054
6722
24008
11588
9692
10075
16312
17417
8975
1405
21855
24359
30900
24020
21965
453
25702
25179
10913
12370
21735
4767
12736
31596
22895
15815
18253
12800
6979
26065
11221
32435
5514
26654
6857
29825
32604
3889
9522
20132
7197
29108
9376
26552
26121
17083
23139
11292
18191
30541
3838
2971
21475
25889
17881
11852
15695
16037
22838
28854
27594
4164
4710
27448
31051
8937
4669
2217
32095
26559
7619
28731
24442
20796
9004
18085
9098
15709
2827
2689
25810
21811
10690
4082
29430
1438
25917
24459
17746
30041
25312
31852
14480
7222
20925
21934
19066
24491
9483
26370
18444
22670
21203
19604
8654
9757
27373
20022
23137
29249
6699
9658
17239
2836
28116
1183
31816
13728
27476
7409
26657
7658
20529
12650
3264
2095
3649
28893
4286
10093
22555
8405
19340
15653
20939
23417
7106
26207
14794
25778
30643
14832
7725
23184
27717
7160
29212
17642
32256
27310
6022
18501
8292
26720
12563
32759
14208
1717
20570
17293
22464
30518
21589
23401
14343
9484
3089
26800
2557
31755
29098
1123
11435
8432
4471
22987
27973
32487
29058
16411
19014
20049
3387
5969
27842
30915
14701
27741
19448
32338
1136
10373
12072
16398
26273
20488
420
21452
22287
5121
11560
17705
6263
15247
28270
26571
21107
10291
22526
7914
19182
31097
30532
15887
21467
5083
20452
26396
16678
3810
8530
2445
31467
20110
10909
26365
32743
19448
24715
16620
27692
20790
18923
5055
22552
11391
30247
776
9095
7823
16921
23304
328
2125
24351
19315
22222
7084
20594
16242
17448
5071
21171
30446
26676
14448
25031
17676
13583
12418
20709
6132
26831
26645
10477
11735
32373
3451
16636
6960
11037
27049
17725
1610
15224
6111
8194
15362
25980
24716
30995
462
25178
15212
16197
18686
25777
15603
28751
10050
16129
29422
4826
14445
20066
29800
5847
19832
32118
10442
4117
3274
29596
2631
32531
26550
17510
26487
7187
2374
13134
26690
22639
8759
24484
23040
2608
13892
27851
1758
30173
20136
31397
7300
10897
13790
588
26101
25680
8363
27395
23734
26779
26718
27500
21810
4418
14935
2811
19037
31098
24774
22442
3224
303
2229
9198
22485
6812
10569
24810
5371
5656
28740
26851
19084
24627
22479
19957
133
26113
18807
260
7045
5046
29301
25845
29490
8563
11570
8733
10200
8800
9226
19961
31572
2555
4432
15136
12593
7088
16531
1399
14864
30889
13600
11940
11853
16359
6600
24261
23519
29842
24036
7521
27520
7821
9110
5790
24847
22862
25425
16565
31538
17645
26779
30116
13887
3450
3089
21795
30301
31892
20140
728
7398
18743
14916
5326
3344
6614
11090
17956
25549
27818
26618
16898
26351
23113
10313
6865
28560
26234
29627
16812
21425
21320
30720
4625
4897
10837
15615
17885
19361
28785
23068
25975
14405
14187
4278
2123
16413
551
28660
31098
22549
12017
26050
5327
15386
23569
24854
28662
17278
31392
27000
9192
21662
922
20417
19114
15298
820
23587
1335
26948
28271
7529
7611
23285
30445
15744
6657
13500
20739
32567
21039
19584
8209
18755
24497
11592
32014
25222
30835
21921
19303
17297
2643
13633
20490
8551
10966
11753
16061
5507
12057
7056
12725
1821
11
10173
16228
14762
32474
27701
8850
9378
3499
10454
10415
30853
4238
4291
23144
29984
31409
29377
4728
29965
15316
16609
30401
21113
8700
15200
1947
2345
876
17099
14700
14783
17617
5478
19577
29242
4029
31695
22267
24509
19798
10463
13686
19857
14672
20689
21830
5484
8472
15270
3450
25844
9042
22215
31206
31871
902
2541
3188
19229
26134
21310
18619
3032
2164
28345
24019
18490
18833
3283
4711
25616
5785
23650
14091
5742
4061
27579
4816
29683
31249
9495
32278
28238
20407
27196
8098
27905
1755
4953
32753
25445
24321
21809
26315
2031
19292
21115
14107
4273
19776
23689
15613
6436
21210
10025
8729
5412
28191
29641
31792
30012
30722
30686
10740
24612
29674
646
29213
9608
18275
9579
6329
19979
6675
25835
24259
27788
29169
13175
8184
5288
24497
15417
742
6784
20354
16634
28486
32700
20988
3906
16011
12752
29012
20673
23227
32125
26323
15085
16254
23451
17542
25069
4469
31511
26422
12982
16332
11320
17562
22644
25619
4390
27084
4395
21577
14252
15866
13726
6970
61
23902
30832
19212
30261
8304
8329
24084
32098
9050
17083
6638
30915
25004
16037
10444
20111
14929
728
23822
28025
28610
23609
21267
14131
30841
21671
25935
29745
13225
25821
9886
13487
22060
32153
22232
17141
9148
11262
1446
2778
18535
23862
22420
6791
26173
1373
8551
8317
11084
11674
19888
2778
974
11663
16545
11223
15520
5108
11808
1942
10742
638
5658
12059
9806
262
23322
19608
32162
3047
10010
17645
6370
25000
4761
4719
32161
21467
16877
15592
30223
8004
27867
4832
29991
3902
1125
2075
2857
28763
27363
23907
32331
5707
29269
30088
23467
30975
5368
31652
5257
11533
7191
16035
31667
15191
10532
26115
14144
7144
21767
25561
31361
22558
22966
18453
7221
6158
31238
22790
23804
7972
7105
5409
29199
31754
18424
510
10285
28619
1434
27811
13017
20537
16966
32517
31682
27020
15710
20172
1667
9035
10589
18775
15500
27760
30570
8448
13664
12999
301
8097
20226
27031
1249
599
10921
25476
10154
17029
25019
948
29225
28700
1785
2609
31566
282
18423
32654
13678
14929
17104
974
4502
5482
25623
1153
27934
18473
24849
7728
32129
20723
8737
11515
11884
11405
12675
20609
9748
6438
573
26368
25549
2712
9043
17341
11481
13291
13115
9383
15229
18970
10128
11063
25690
25626
15627
23706
9723
7193
9134
27922
22187
22020
15170
23194
25737
20299
29700
6857
23518
23528
10140
24568
10157
29854
32334
14759
16524
31358
13428
5149
15795
21424
21548
23375
31827
17776
14158
17667
20777
12119
26017
1589
30802
3036
9038
30650
14177
23066
17300
28195
26031
21716
5054
18660
20210
6838
29266
31926
9233
11229
26252
7481
28215
24730
19466
10718
14375
15731
26313
8708
25039
18539
29520
9313
21023
17284
1835
7588
31515
28801
21915
19032
25647
16880
11404
4108
11971
7528
15815
29105
18704
4880
2153
9027
17202
11872
30356
172
31358
17452
868
27621
3861
25054
32037
22110
22457
16899
14275
31136
18400
27145
17281
817
31751
21830
31726
14263
24649
20797
790
20833
9520
28445
31989
7555
30411
11915
7985
7552
10753
17825
26888
12013
21540
10807
6022
32499
202
16481
10748
19701
31192
21048
2735
16499
21983
13534
12237
22063
16556
16060
18597
10382
12826
29454
19222
5952
1835
1698
30024
4643
12631
8668
6043
2917
28708
1022
15069
21738
18679
27558
30400
27885
12586
26777
3211
32233
7774
31422
6671
5562
28947
8814
30941
22527
28022
17899
7606
12228
13945
4141
3139
17502
32553
11493
13062
13717
26173
1468
17297
25353
12266
25819
23286
17102
20991
8369
3710
2906
1581
13552
12446
13473
22182
27865
25126
5246
22763
698
17340
6741
2782
22709
23433
28151
1567
11970
818
30149
32149
31223
29194
2073
14667
16648
14214
19425
1150
8714
14833
3213
16884
25980
3424
1324
6799
17031
14057
26321
31265
14469
12304
7740
20098
8641
16002
7350
15584
25469
29702
10301
16727
24378
27312
30433
27841
2355
4439
6510
13520
18475
7242
31051
2650
616
28223
28066
10739
31744
3468
11201
23233
27219
31130
5825
3980
24793
29846
12901
7701
31518
5481
15684
169
26634
13803
13867
22005
14950
4435
20669
4892
8860
9971
7516
7175
30142
13602
26701
13821
9674
24697
5142
2163
3885
23362
29483
8229
16261
8493
25802
10341
6571
6981
14628
20147
31473
16419
8381
1167
17832
1121
11029
5003
29926
12114
6280
14244
7558
26608
883
13266
111
3606
9368
5342
4634
13296
14020
5748
6990
19375
15791
24185
22318
23937
13347
670
12918
22976
25952
3126
4098
23401
30144
28229
13968
28369
24215
8665
19398
12435
24925
23709
119
22733
13839
5547
21026
1676
30930
19618
1467
24452
6874
18168
16302
22533
23178
14226
23842
14122
1756
1170
29306
11092
4612
8049
4898
726
14160
9037
18056
23794
14419
11652
20072
26373
30018
9345
8781
31230
25758
24790
17493
11284
11795
27787
21300
10937
27809
19638
32123
28873
23545
2380
14875
11528
29994
26423
27172
27851
15996
2217
18387
24309
21148
26543
18124
17189
25338
24329
18852
22830
14704
13625
20642
25800
32036
24026
1479
6533
16047
25907
18955
774
3967
14860
10218
15726
10361
18880
20255
4631
25571
8852
32176
19588
3714
4167
31274
23447
21503
26347
814
4868
19088
28659
22572
8454
25044
11660
16239
3153
14590
26673
11610
20039
8245
14969
28913
23918
18747
3892
2459
15394
27469
17847
2597
24455
24139
28788
11531
706
28953
25038
32243
14953
32581
31531
15483
23607
2538
29258
23604
3845
22484
215
17902
5877
24804
12860
15927
12785
2230
17339
5406
6228
27778
19129
829
30182
18496
5469
22518
28430
14096
31066
23804
1603
21208
1289
4885
30148
30511
18107
11295
20873
11130
7757
26193
1401
30804
19709
11460
989
11316
14203
8498
14357
21321
3652
29437
4489
26281
20523
10099
15075
30379
23352
14160
20860
21649
32694
9604
12563
32619
18824
29495
10181
22584
29628
5387
9785
24909
14947
19873
16412
3323
32415
4446
4301
24428
28925
22383
22617
26574
13829
31754
25769
21683
14608
6135
6906
10168
8538
29008
13710
19557
7512
27013
2465
5717
30796
3234
27039
27287
11798
9685
30612
6227
29005
32043
31716
9393
22414
8858
5180
3574
8212
27204
20168
18929
18569
32250
1447
917
25628
10239
3740
23527
26836
15119
4870
12827
26404
15264
9234
14073
24511
11880
24367
20358
11181
12319
14018
2785
10911
14982
13083
12139
11136
15016
16296
9002
17228
23648
22633
13168
1573
12059
11172
32695
22180
2015
986
3024
16237
17549
3577
15677
2822
21603
20435
18395
3561
10692
25295
19908
22231
31036
18143
13939
14704
27071
25010
297
26369
6705
32298
5776
2461
8236
24592
23966
5487
25597
16391
6077
17486
32239
17342
18473
28562
30925
18026
10905
15398
7586
1396
32033
19679
11459
1390
8535
28428
10255
17228
22709
30031
4726
1489
8254
13483
18616
25415
28516
22493
22383
20339
24106
31984
29264
17864
30342
20748
28846
25563
13577
7823
29503
2071
31937
350
5923
18610
607
13694
23074
22239
29333
13278
5174
8774
22466
4471
10825
20657
721
21655
24127
24072
31582
13434
24631
30847
15131
30491
1294
27918
14451
24905
17957
14370
1133
27901
28261
3730
32722
14827
6272
29396
27538
27735
25209
10865
22628
28202
31334
10166
14765
17989
26741
15276
8099
31253
14893
9291
23730
11624
29430
19179
6687
29823
26076
18171
8171
3172
23696
30965
21498
28030
12207
20881
13428
27746
13383
6458
20844
23788
8856
19390
2495
27535
23063
23625
3903
8425
9913
30100
30225
17306
27501
2650
21332
3159
21994
18956
12035
24634
32684
19909
19741
1372
8249
4480
4611
1446
13481
3465
1569
13284
16485
1073
15568
1819
2863
22470
8827
16413
99
31938
30209
3418
4988
23619
29019
8441
19929
15035
25983
27944
27074
30441
19844
31408
7846
13576
7430
3532
678
19014
19916
3387
9560
31863
28840
24468
18372
27147
17823
13018
21939
11837
8010
25168
1066
5518
5500
28302
14641
30322
19238
15317
8408
585
19319
2720
4988
8848
16967
24187
12615
13913
5045
18200
22262
17400
5903
16288
20447
29440
30963
6215
26930
25198
2228
7715
19071
12067
29951
30014
14200
16024
15295
22762
7929
8653
20797
13908
6981
9346
17036
21852
18323
23722
22308
932
3785
19997
30157
30183
22407
30349
20671
21389
12647
21947
7431
8316
26499
17898
22828
31024
7224
14484
26387
21774
21034
11101
32032
17141
1672
26949
12958
21527
16530
27681
11105
10503
14936
29260
9897
21778
1732
7322
30026
3027
22746
10381
6922
19714
20543
6860
8011
653
28408
28112
20714
17642
7285
6369
358
14763
22990
833
31557
16467
2892
14247
14259
24936
31531
27630
5997
13257
31134
12559
8925
11330
15892
24397
5510
2910
28090
4783
14499
23932
27457
19379
20747
16677
21473
2113
9304
26525
19870
26846
22856
952
2762
13858
14180
6895
9931
23148
2527
27827
16414
9172
10688
25602
29596
25185
29508
18231
7420
13949
10877
6694
154
9125
4928
26216
17014
15205
16446
24052
20096
29828
23921
3055
5651
636
31162
1990
18111
16684
5064
24185
24139
2257
28219
9786
16378
32307
28425
28726
12046
13084
3617
3251
21131
11022
5967
21851
9789
6197
17248
29143
31996
25755
27782
19104
30767
23451
25086
7698
6287
1944
7919
27587
19502
6127
26774
10770
7607
25385
6048
31235
26871
22902
4311
19786
14492
31575
12545
12965
12605
10394
12293
15471
11675
23435
16208
13683
28711
9321
26487
6142
3524
30999
26910
31544
30157
11540
9496
27315
15194
9645
20432
23621
959
7793
29671
14355
15958
4582
2078
9967
2431
6778
7287
6884
26852
24508
25239
17934
12546
25548
5487
29615
19429
17680
1051
30592
15154
18473
17418
10053
31595
15910
20064
4772
11375
6903
3224
27959
9024
20516
6254
24288
18697
16319
13052
11869
27488
23447
14115
31260
25032
17582
2860
29520
11386
32493
21935
20292
28773
3351
31156
25327
29811
2300
7705
7370
1038
3055
17460
20702
23267
31609
12728
2849
32229
3663
12765
23554
9621
7554
29115
21315
7553
5622
31735
7431
15627
7701
6050
29996
23916
17348
3678
25818
28921
18070
7619
32348
8100
21056
6145
2863
3269
15694
30662
24665
10779
8212
27490
19708
15373
22502
6953
22315
29494
19084
12056
15100
16161
32240
22460
24543
15953
22554
24144
14382
28549
7006
38
16133
2106
29396
6472
2131
5232
8969
25182
5937
17329
13044
17874
28275
1872
8492
4147
3965
26095
31064
32727
23385
10307
24038
30661
2566
17180
23040
22993
11282
8863
4027
19465
27243
15062
5778
27984
30834
364
7700
15689
27729
13489
10457
15223
29070
5092
29626
418
2529
27826
23873
23932
20547
8698
24927
11652
29256
4051
32093
1323
21422
28880
4117
23605
4150
10371
2658
19811
20402
5951
981
10319
8288
23330
1962
23191
19318
8787
11770
29757
22526
29321
21810
19278
12260
2509
4035
706
6990
15488
6683
30884
1579
29855
27861
24435
17423
13894
16172
1735
17982
19827
3510
5943
30727
2317
31055
17787
13651
10021
4690
16590
3965
22139
25616
24726
21604
28996
21626
21831
3007
21802
11297
24709
24241
31893
23137
22665
7582
15657
18904
31429
22588
20368
22813
20939
15341
1145
19375
12907
11340
19168
18220
5147
18949
27536
12484
18589
23531
7655
32492
22235
20036
23002
21335
32022
15463
2872
28962
7743
14474
2611
25423
7845
17877
32028
26484
29649
14523
1902
28852
27566
29065
27150
22255
28398
9535
30929
1590
17064
10400
2367
17026
3398
29061
16023
21413
8862
17014
22291
11648
23391
13435
24172
26743
31663
4912
27041
7714
27922
16152
16373
32325
20366
2611
5430
12291
9741
17107
14661
21326
8706
24747
24787
13986
21071
2089
27497
5363
14695
22534
19115
28644
3759
13595
28381
23097
12075
2166
23718
18063
342
9133
20500
11850
20561
16242
4321
9424
25152
18536
23541
10997
19954
28213
1579
22197
21440
10457
15448
9001
15799
10302
1162
31924
2809
25103
25741
23934
27232
12750
20916
3619
18533
16161
19925
24236
29760
7789
21910
27582
8273
24486
999
17425
16831
32614
3792
548
4959
28220
365
11823
16343
8774
22327
31834
30467
26370
23684
15148
29335
24417
30802
1606
11782
28189
17216
4433
21923
30797
4061
7989
12550
13879
18469
31115
3250
1637
17481
31830
26357
30459
32431
2541
25615
31047
18746
31548
19862
29594
26571
24620
8472
9558
13320
9312
29187
4425
11868
27682
8898
25145
8254
15773
14633
32192
13239
19020
21011
14683
9246
27826
30793
26045
27687
11852
25254
9321
5404
27076
23929
15231
2921
23911
25387
23510
7262
16857
10274
3404
305
14599
7652
13658
6978
10590
12672
27628
17827
22843
18730
4719
24536
24226
17701
24875
30171
14130
2022
24275
10596
7256
18806
30298
16486
26564
14872
7945
31965
7193
14380
19151
8647
26089
7507
3800
18800
10464
26324
14944
28915
27967
15678
20426
23806
16780
8015
5100
15317
25736
13333
10158
10394
19298
2131
24531
29643
22570
15142
20246
21772
21640
24040
13945
27175
1198
2901
20442
10065
26251
31212
9927
7343
28994
3480
29587
13592
26842
11408
11433
21021
6711
23420
16929
26950
4937
25817
14225
1695
11139
3998
4134
22643
28815
10528
16627
10328
19264
26163
7560
25963
28872
24466
29383
9181
29739
11649
17395
13743
3059
26288
24074
16569
24614
1635
13653
30193
29813
32208
16701
19946
694
29896
19040
28315
22932
32154
24292
7778
4997
16437
24843
26697
14845
24716
25608
21895
10466
9279
19218
24650
17983
7031
24246
947
25148
20753
19569
3362
21326
17920
17534
4789
8875
15340
10733
13067
23809
4895
2293
590
23399
16290
18315
18544
6292
6563
17459
29876
26190
3354
22295
27249
5926
27821
26966
2835
28771
27600
5790
8546
30780
1072
3325
4615
29770
19026
7924
30027
11324
30071
15310
32291
17613
7876
16943
21098
18163
31647
24816
14445
10073
5980
31274
15788
25104
20505
15505
15071
32386
6886
26372
22840
4007
21290
27234
31976
1147
6466
23966
14564
23727
1130
30742
12265
5534
11233
1568
1725
25476
19272
3046
19385
2794
1611
2677
30596
28261
3972
6928
27425
9344
13980
21706
3884
10743
8628
12372
30816
1062
13827
24083
13661
26560
29632
17013
10664
14276
18754
3206
6644
28845
8550
6846
19872
21482
12593
8733
27008
26509
18614
19323
26592
7751
11066
15129
20934
15252
12951
13947
7544
18483
16862
23674
22078
10969
19264
9109
29033
14630
27951
4744
29844
21720
27328
26400
20778
26943
852
8013
6441
23793
28023
6265
28965
19390
30984
14616
25487
7398
7323
22656
31031
18826
29211
22779
15120
26465
26292
10267
307
19372
8687
6478
13095
23148
26655
20146
23904
21970
31741
9259
16389
16887
17295
20658
15095
12493
13390
12784
15118
2646
19079
30219
3238
9491
4098
6080
14170
17088
30178
24754
18191
17726
1484
26113
9781
12241
11851
13087
27977
18571
11891
5855
19358
28168
25797
18127
27998
30044
1363
19656
715
9290
31525
29379
19659
7095
30938
8430
21156
18013
31890
25088
9476
8132
19212
457
21060
26478
9740
31245
28653
5202
16896
8594
23932
7309
16098
20856
9314
25939
10336
29897
6479
28459
16699
13905
8880
4700
7661
16560
18551
24482
21134
17581
28954
31014
14328
14797
28638
30637
3114
3365
18517
12304
29162
12908
19237
27884
5039
19284
28684
28826
28093
22810
4385
21346
914
11356
27485
4587
1153
1836
2137
24566
9117
9570
30041
4940
9944
7990
27530
15093
29036
23054
19848
13995
3450
31636
7715
25231
30961
4876
21603
11034
14770
27877
12490
7509
31986
17549
30680
18253
17887
18570
13781
31937
28550
9415
28618
21535
1524
1835
26065
28591
15003
21104
19086
26381
30712
29491
5118
25820
22643
2887
18799
19641
1159
26447
29392
32110
15394
29324
3371
