8000
32765
32763
32763
32759
32753
32753
32744
32743
32741
32741
32727
32727
32725
32722
32702
32700
32698
32698
32695
32694
32692
32689
32687
32684
32678
32656
32654
32654
32642
32640
32632
32630
32619
32614
32608
32606
32605
32604
32598
32581
32572
32567
32553
32549
32548
32545
32543
32541
32531
32526
32525
32524
32518
32517
32513
32507
32501
32499
32497
32493
32493
32492
32490
32487
32487
32480
32478
32474
32469
32459
32450
32445
32443
32435
32431
32429
32429
32416
32415
32415
32400
32399
32395
32386
32382
32381
32374
32373
32358
32348
32344
32344
32343
32342
32338
32334
32334
32331
32325
32321
32307
32303
32302
32302
32298
32295
32292
32291
32284
32278
32273
32273
32256
32250
32250
32244
32243
32240
32239
32234
32233
32232
32229
32227
32224
32221
32220
32209
32208
32198
32195
32192
32192
32188
32187
32186
32183
32176
32174
32168
32164
32162
32161
32154
32153
32153
32153
32149
32136
32131
32129
32125
32123
32118
32110
32110
32101
32101
32098
32095
32093
32093
32083
32076
32076
32075
32070
32066
32062
32060
32053
32049
32043
32037
32036
32033
32032
32030
32030
32028
32024
32022
32022
32022
32020
32018
32015
32014
32012
32012
32007
32001
31996
31990
31990
31989
31986
31984
31980
31976
31965
31952
31938
31937
31937
31926
31924
31918
31897
31893
31893
31892
31890
31871
31867
31863
31855
31853
31852
31848
31842
31834
31833
31830
31827
31819
31819
31816
31812
31805
31802
31797
31795
31794
31793
31793
31792
31778
31771
31767
31765
31760
31758
31755
31754
31754
31752
31751
31744
31744
31741
31740
31735
31726
31718
31716
31706
31706
31695
31684
31682
31673
31667
31663
31652
31650
31650
31647
31640
31636
31631
31620
31612
31609
31601
31596
31595
31585
31582
31580
31576
31575
31572
31572
31566
31566
31562
31562
31561
31557
31552
31548
31547
31544
31540
31539
31538
31533
31531
31531
31525
31521
31519
31518
31515
31513
31511
31508
31503
31500
31489
31485
31482
31475
31473
31467
31458
31452
31446
31429
31423
31422
31412
31410
31409
31408
31404
31403
31399
31397
31395
31394
31392
31391
31387
31380
31380
31361
31358
31358
31354
31352
31352
31350
31338
31334
31318
31312
31305
31305
31301
31297
31292
31290
31288
31288
31286
31282
31282
31274
31274
31270
31269
31265
31265
31260
31256
31253
31253
31249
31245
31239
31238
31235
31232
31230
31229
31223
31212
31207
31206
31206
31204
31204
31197
31192
31191
31186
31181
31178
31176
31173
31165
31163
31162
31156
31156
31152
31151
31148
31137
31136
31134
31132
31130
31115
31111
31098
31098
31097
31082
31078
31066
31064
31063
31055
31052
31052
31051
31051
31047
31041
31040
31036
31031
31026
31024
31014
31012
31010
31010
30999
30995
30986
30984
30984
30984
30975
30975
30965
30963
30962
30961
30961
30959
30959
30956
30950
30946
30941
30938
30938
30936
30931
30930
30929
30925
30923
30921
30920
30916
30915
30915
30910
30901
30900
30898
30895
30889
30888
30884
30884
30881
30854
30853
30849
30847
30842
30841
30835
30834
30834
30834
30832
30825
30823
30816
30813
30812
30810
30804
30802
30802
30797
30796
30793
30786
30780
30767
30767
30753
30742
30731
30727
30727
30722
30722
30720
30719
30713
30713
30713
30712
30710
30707
30704
30696
30689
30686
30686
30686
30680
30674
30662
30662
30661
30660
30650
30650
30647
30643
30640
30637
30635
30629
30625
30620
30612
30606
30596
30594
30592
30586
30581
30572
30572
30570
30568
30556
30551
30550
30541
30532
30528
30520
30519
30518
30514
30511
30510
30496
30494
30491
30475
30473
30471
30467
30466
30465
30464
30462
30461
30459
30458
30456
30453
30446
30445
30443
30441
30440
30433
30433
30425
30423
30414
30411
30406
30405
30402
30401
30400
30399
30383
30381
30379
30373
30364
30356
30349
30342
30334
30332
30322
30307
30302
30301
30298
30269
30265
30262
30261
30248
30247
30244
30227
30226
30225
30223
30221
30219
30215
30209
30206
30193
30192
30184
30183
30182
30182
30178
30177
30173
30173
30172
30171
30157
30157
30154
30151
30150
30150
30149
30149
30148
30144
30144
30142
30129
30126
30124
30120
30116
30106
30101
30100
30095
30088
30083
30076
30071
30069
30062
30044
30041
30041
30033
30031
30027
30026
30024
30022
30018
30016
30015
30014
30012
30002
29996
29996
29994
29991
29988
29984
29978
29974
29973
29965
29956
29951
29941
29936
29935
29932
29932
29929
29929
29928
29927
29926
29919
29917
29915
29913
29912
29904
29897
29896
29878
29876
29873
29869
29855
29854
29853
29846
29846
29844
29842
29841
29835
29834
29829
29828
29825
29823
29816
29816
29815
29813
29813
29811
29810
29805
29801
29800
29798
29789
29787
29783
29770
29769
29760
29760
29757
29755
29751
29745
29745
29742
29742
29739
29736
29733
29725
29718
29718
29712
29702
29702
29702
29700
29699
29696
29690
29683
29674
29672
29671
29668
29665
29661
29658
29658
29649
29645
29643
29641
29633
29632
29628
29627
29627
29626
29615
29607
29606
29597
29596
29596
29594
29591
29587
29585
29583
29581
29581
29578
29572
29565
29556
29545
29543
29541
29535
29529
29528
29520
29520
29510
29508
29506
29506
29503
29495
29494
29491
29490
29489
29483
29483
29472
29463
29454
29453
29440
29440
29437
29436
29430
29430
29429
29424
29422
29420
29414
29396
29396
29392
29383
29379
29377
29361
29358
29350
29345
29342
29340
29337
29335
29335
29333
29332
29331
29326
29324
29321
29319
29318
29314
29312
29309
29306
29305
29301
29301
29291
29289
29286
29280
29278
29275
29272
29271
29269
29267
29266
29264
29264
29264
29263
29261
29260
29258
29257
29256
29255
29249
29242
29242
29232
29231
29225
29213
29212
29212
29212
29211
29209
29208
29201
29199
29194
29191
29187
29178
29169
29166
29162
29159
29148
29147
29143
29126
29125
29115
29109
29108
29105
29098
29096
29095
29085
29084
29081
29073
29070
29069
29065
29061
29059
29058
29041
29040
29036
29033
29028
29027
29024
29019
29012
29008
29008
29005
28997
28996
28994
28986
28975
28970
28965
28962
28959
28958
28954
28953
28947
28925
28925
28921
28915
28913
28913
28911
28899
28895
28893
28884
28884
28880
28873
28872
28858
28855
28854
28852
28852
28848
28846
28845
28841
28840
28839
28832
28828
28827
28826
28816
28815
28812
28808
28805
28805
28801
28801
28788
28785
28783
28777
28776
28774
28773
28771
28764
28763
28751
28742
28741
28740
28733
28733
28731
28731
28728
28726
28716
28711
28710
28708
28700
28687
28684
28680
28675
28662
28660
28659
28653
28652
28648
28644
28638
28637
28637
28633
28633
28628
28625
28619
28619
28618
28616
28614
28611
28610
28609
28595
28594
28591
28590
28589
28582
28580
28571
28568
28567
28562
28562
28560
28560
28557
28551
28550
28549
28547
28538
28537
28536
28535
28533
28532
28525
28518
28516
28510
28506
28496
28494
28487
28486
28478
28474
28473
28465
28459
28455
28450
28448
28447
28445
28439
28437
28437
28430
28428
28427
28425
28424
28409
28408
28408
28401
28398
28396
28385
28381
28377
28376
28369
28367
28364
28364
28361
28359
28353
28350
28347
28345
28339
28336
28332
28329
28315
28310
28308
28302
28291
28283
28278
28275
28274
28271
28270
28268
28261
28261
28260
28251
28250
28248
28238
28229
28228
28227
28223
28220
28219
28219
28216
28215
28213
28202
28198
28195
28195
28194
28193
28191
28191
28190
28189
28189
28185
28182
28181
28175
28170
28170
28168
28168
28164
28159
28151
28151
28148
28146
28146
28146
28143
28130
28116
28112
28103
28097
28096
28096
28096
28093
28092
28090
28089
28085
28070
28066
28060
28054
28054
28050
28032
28030
28029
28026
28025
28025
28023
28023
28023
28022
28016
28014
28012
28004
27998
27984
27977
27974
27973
27972
27967
27959
27957
27951
27944
27934
27933
27923
27922
27922
27918
27917
27906
27905
27905
27901
27889
27885
27884
27878
27877
27874
27872
27867
27865
27864
27861
27857
27855
27851
27851
27843
27842
27841
27832
27827
27826
27826
27821
27819
27818
27813
27812
27811
27811
27809
27805
27802
27800
27797
27788
27787
27786
27784
27782
27781
27780
27778
27765
27760
27756
27746
27743
27741
27735
27729
27722
27719
27718
27717
27714
27713
27709
27708
27706
27702
27701
27701
27692
27689
27689
27687
27684
27682
27681
27669
27668
27662
27662
27660
27646
27645
27640
27638
27637
27634
27630
27628
27621
27610
27600
27594
27588
27587
27585
27582
27579
27573
27573
27566
27559
27558
27558
27557
27549
27548
27538
27536
27535
27530
27527
27523
27520
27517
27512
27501
27500
27498
27497
27496
27496
27490
27488
27487
27485
27483
27476
27469
27467
27466
27457
27456
27448
27445
27440
27433
27431
27425
27422
27410
27407
27403
27395
27378
27373
27363
27362
27358
27354
27354
27352
27344
27340
27334
27328
27325
27324
27323
27321
27316
27315
27312
27310
27305
27299
27298
27297
27287
27279
27277
27276
27275
27267
27258
27255
27250
27249
27243
27241
27240
27235
27234
27232
27231
27219
27218
27218
27213
27208
27204
27204
27199
27196
27184
27178
27175
27172
27168
27166
27159
27152
27151
27150
27147
27145
27134
27122
27112
27109
27103
27091
27088
27085
27084
27081
27076
27076
27074
27071
27068
27065
27061
27057
27049
27048
27048
27041
27040
27039
27036
27031
27020
27016
27013
27009
27008
27000
26999
26999
26987
26978
26972
26966
26965
26964
26956
26953
26950
26950
26949
26948
26943
26937
26936
26930
26930
26925
26922
26921
26913
26910
26908
26908
26891
26890
26888
26871
26861
26861
26857
26852
26852
26851
26846
26842
26836
26831
26815
26810
26800
26798
26790
26779
26779
26777
26774
26770
26763
26760
26754
26743
26743
26741
26741
26739
26731
26720
26718
26717
26714
26712
26706
26705
26703
26701
26699
26697
26691
26691
26690
26679
26677
26676
26673
26660
26660
26657
26655
26654
26645
26642
26641
26637
26634
26634
26618
26613
26608
26606
26603
26601
26592
26574
26571
26571
26570
26564
26563
26560
26559
26558
26555
26552
26550
26543
26541
26535
26531
26525
26509
26499
26494
26490
26490
26487
26487
26486
26484
26478
26476
26465
26461
26447
26431
26430
26430
26429
26423
26422
26420
26417
26412
26406
26404
26400
26396
26394
26387
26385
26384
26381
26378
26375
26373
26372
26370
26370
26369
26368
26365
26365
26363
26360
26357
26357
26353
26351
26351
26347
26344
26339
26337
26333
26324
26323
26323
26321
26320
26318
26315
26313
26306
26300
26299
26296
26295
26293
26292
26292
26289
26288
26286
26286
26284
26281
26280
26275
26273
26259
26252
26251
26246
26246
26242
26238
26236
26234
26225
26217
26216
26216
26213
26207
26207
26199
26193
26193
26193
26190
26178
26173
26173
26164
26163
26162
26161
26155
26144
26144
26142
26136
26135
26134
26128
26121
26115
26115
26113
26113
26107
26105
26101
26095
26089
26076
26071
26066
26065
26065
26057
26052
26050
26045
26041
26036
26033
26031
26028
26026
26025
26024
26017
26003
26002
25986
25984
25983
25980
25980
25978
25975
25968
25965
25963
25952
25945
25945
25939
25935
25934
25917
25916
25915
25915
25915
25914
25907
25907
25889
25887
25879
25878
25873
25858
25847
25845
25844
25838
25835
25833
25833
25826
25821
25821
25820
25819
25818
25817
25812
25810
25807
25802
25800
25797
25793
25784
25784
25783
25781
25778
25777
25769
25766
25762
25758
25756
25755
25752
25741
25737
25736
25730
25729
25727
25718
25715
25706
25702
25693
25691
25690
25689
25688
25681
25680
25678
25670
25668
25655
25655
25654
25652
25647
25634
25628
25627
25626
25624
25623
25619
25618
25616
25616
25615
25613
25608
25602
25598
25597
25590
25571
25567
25563
25561
25559
25558
25556
25549
25549
25548
25544
25543
25541
25526
25519
25495
25493
25492
25487
25487
25479
25476
25476
25476
25474
25469
25458
25445
25445
25439
25427
25425
25423
25421
25415
25413
25413
25406
25392
25388
25388
25387
25385
25385
25374
25363
25357
25353
25338
25328
25327
25326
25319
25318
25312
25310
25308
25295
25293
25288
25287
25283
25279
25278
25257
25255
25254
25252
25249
25249
25239
25234
25233
25231
25227
25224
25222
25214
25209
25199
25198
25192
25185
25185
25183
25182
25179
25178
25168
25157
25157
25155
25155
25152
25148
25146
25145
25145
25142
25131
25129
25126
25111
25106
25106
25105
25104
25103
25101
25088
25086
25081
25081
25076
25069
25067
25061
25058
25057
25054
25044
25040
25039
25038
25032
25031
25029
25020
25019
25019
25010
25004
25000
25000
24995
24993
24989
24979
24967
24961
24951
24950
24942
24937
24937
24936
24936
24927
24925
24913
24912
24909
24906
24905
24901
24894
24890
24875
24872
24867
24863
24861
24854
24851
24849
24847
24843
24824
24817
24816
24816
24810
24804
24802
24802
24793
24793
24790
24790
24789
24787
24786
24774
24765
24762
24754
24747
24747
24740
24739
24734
24730
24727
24726
24716
24716
24715
24710
24710
24709
24697
24691
24680
24668
24665
24660
24660
24652
24650
24649
24648
24637
24636
24634
24633
24632
24631
24627
24621
24620
24620
24619
24614
24614
24612
24601
24595
24594
24592
24590
24589
24585
24578
24568
24566
24566
24565
24564
24558
24546
24543
24542
24536
24532
24531
24530
24520
24511
24509
24508
24508
24505
24504
24502
24499
24497
24497
24491
24486
24484
24482
24473
24470
24468
24468
24466
24464
24459
24455
24452
24450
24448
24442
24435
24433
24428
24417
24397
24391
24378
24378
24376
24367
24359
24359
24351
24346
24344
24344
24330
24329
24329
24329
24325
24324
24323
24321
24311
24309
24298
24294
24292
24288
24284
24283
24279
24275
24270
24270
24261
24259
24255
24255
24255
24250
24249
24246
24241
24236
24235
24226
24215
24205
24201
24197
24195
24191
24187
24185
24185
24179
24177
24173
24172
24171
24169
24169
24167
24161
24161
24157
24144
24141
24139
24139
24127
24126
24126
24125
24121
24108
24106
24096
24091
24088
24084
24083
24075
24074
24072
24071
24064
24062
24052
24040
24038
24036
24030
24026
24024
24020
24019
24016
24012
24011
24008
23999
23990
23968
23966
23966
23959
23945
23944
23938
23937
23934
23932
23932
23932
23931
23929
23922
23921
23920
23918
23918
23916
23911
23909
23907
23905
23904
23902
23895
23875
23873
23873
23862
23856
23852
23852
23847
23842
23842
23841
23840
23840
23831
23828
23822
23813
23809
23806
23806
23806
23804
23804
23804
23794
23794
23793
23788
23778
23777
23774
23760
23759
23742
23734
23730
23727
23727
23723
23722
23718
23715
23712
23709
23706
23701
23696
23689
23684
23678
23674
23671
23664
23650
23648
23640
23625
23621
23621
23619
23618
23609
23607
23605
23604
23599
23587
23587
23581
23578
23576
23576
23569
23566
23560
23559
23556
23555
23554
23554
23552
23550
23545
23541
23538
23533
23531
23528
23527
23525
23519
23518
23516
23514
23510
23502
23500
23495
23492
23485
23478
23474
23469
23467
23466
23460
23451
23451
23447
23447
23437
23435
23433
23420
23417
23417
23416
23411
23408
23403
23401
23401
23399
23397
23391
23385
23382
23375
23374
23373
23369
23362
23361
23357
23356
23352
23349
23348
23347
23347
23331
23330
23329
23328
23322
23317
23314
23307
23304
23304
23286
23285
23285
23274
23274
23271
23269
23269
23267
23258
23255
23255
23247
23236
23233
23228
23227
23216
23199
23199
23194
23192
23191
23184
23183
23182
23181
23178
23164
23164
23152
23151
23148
23148
23148
23146
23145
23144
23143
23140
23139
23137
23137
23136
23129
23127
23119
23116
23113
23097
23084
23077
23075
23075
23074
23071
23068
23066
23063
23054
23048
23042
23042
23040
23040
23039
23033
23032
23018
23018
23002
22996
22994
22993
22990
22990
22987
22981
22977
22976
22966
22963
22954
22946
22941
22934
22932
22931
22919
22918
22904
22902
22901
22900
22898
22898
22895
22887
22887
22886
22873
22869
22864
22862
22856
22843
22840
22838
22830
22828
22826
22824
22819
22816
22813
22812
22812
22810
22804
22803
22790
22790
22786
22779
22772
22763
22763
22762
22746
22737
22733
22733
22723
22709
22709
22708
22704
22702
22699
22682
22680
22677
22670
22666
22665
22664
22664
22663
22659
22656
22652
22644
22643
22643
22639
22635
22633
22631
22630
22628
22625
22624
22623
22617
22613
22611
22605
22594
22589
22588
22584
22581
22580
22577
22572
22570
22558
22555
22555
22554
22552
22549
22537
22534
22533
22527
22526
22526
22524
22522
22521
22520
22518
22513
22506
22504
22502
22499
22493
22493
22489
22485
22484
22484
22479
22479
22478
22474
22471
22470
22469
22466
22464
22462
22460
22460
22457
22457
22453
22451
22442
22433
22420
22414
22413
22411
22407
22390
22383
22383
22375
22373
22364
22357
22356
22334
22332
22327
22327
22326
22326
22325
22318
22318
22315
22308
22308
22297
22295
22291
22287
22286
22283
22276
22269
22267
22264
22262
22262
22257
22255
22242
22239
22235
22234
22232
22231
22225
22222
22215
22214
22197
22194
22192
22190
22188
22187
22182
22180
22157
22150
22148
22139
22135
22133
22119
22110
22106
22103
22091
22088
22088
22084
22084
22081
22078
22077
22071
22063
22060
22036
22020
22019
22013
22012
22005
21994
21992
21992
21985
21983
21979
21975
21974
21973
21972
21970
21965
21961
21947
21946
21943
21939
21936
21935
21934
21932
21931
21930
21923
21921
21915
21913
21912
21911
21910
21903
21901
21895
21874
21867
21855
21855
21854
21853
21852
21851
21845
21840
21838
21831
21830
21830
21829
21829
21827
21811
21810
21810
21809
21807
21802
21799
21797
21795
21788
21785
21783
21778
21774
21773
21772
21767
21765
21759
21759
21738
21735
21726
21724
21723
21720
21716
21708
21706
21701
21699
21698
21683
21677
21671
21664
21663
21662
21661
21655
21650
21649
21640
21638
21626
21623
21617
21608
21604
21603
21603
21602
21597
21589
21587
21584
21583
21577
21577
21572
21565
21561
21548
21546
21540
21537
21535
21533
21528
21528
21527
21513
21503
21500
21498
21491
21482
21480
21478
21475
21473
21467
21467
21460
21459
21452
21448
21445
21443
21440
21431
21428
21428
21425
21424
21422
21419
21413
21411
21399
21389
21389
21381
21374
21373
21359
21349
21346
21340
21335
21332
21326
21326
21325
21321
21321
21320
21315
21314
21313
21310
21308
21306
21304
21300
21299
21290
21272
21272
21270
21269
21267
21261
21257
21257
21256
21256
21251
21248
21244
21244
21243
21234
21227
21219
21216
21216
21210
21210
21208
21203
21199
21194
21192
21191
21191
21184
21175
21171
21167
21157
21156
21148
21148
21141
21139
21134
21133
21131
21131
21127
21126
21122
21119
21117
21115
21113
21113
21111
21109
21107
21104
21104
21103
21100
21098
21081
21080
21077
21077
21076
21076
21075
21075
21073
21071
21068
21064
21060
21059
21059
21056
21055
21048
21047
21044
21044
21039
21035
21034
21028
21027
21026
21023
21021
21011
21011
21004
21000
20991
20988
20983
20967
20964
20957
20953
20949
20939
20939
20934
20934
20925
20917
20916
20906
20901
20885
20881
20880
20873
20865
20860
20858
20856
20855
20847
20844
20842
20841
20839
20838
20833
20833
20828
20824
20823
20819
20808
20808
20805
20805
20804
20797
20797
20796
20790
20784
20778
20777
20771
20760
20753
20749
20748
20747
20742
20741
20739
20723
20717
20714
20710
20709
20708
20704
20703
20702
20693
20689
20673
20671
20669
20664
20662
20659
20658
20657
20652
20652
20651
20648
20642
20632
20631
20623
20623
20617
20611
20611
20609
20594
20587
20575
20570
20570
20568
20567
20561
20560
20547
20547
20543
20537
20536
20534
20529
20524
20523
20521
20516
20505
20502
20500
20500
20490
20489
20488
20484
20477
20452
20447
20442
20435
20432
20427
20427
20426
20426
20421
20417
20408
20407
20406
20405
20402
20393
20385
20375
20374
20368
20368
20366
20360
20359
20358
20358
20354
20353
20339
20338
20336
20336
20332
20328
20322
20315
20299
20292
20290
20282
20274
20267
20266
20261
20255
20251
20246
20240
20226
20212
20210
20210
20204
20200
20198
20186
20184
20184
20182
20179
20176
20172
20170
20168
20163
20161
20153
20147
20146
20145
20140
20136
20136
20132
20129
20127
20126
20122
20118
20114
20111
20110
20100
20098
20097
20096
20089
20085
20083
20072
20068
20067
20066
20064
20060
20049
20048
20045
20044
20042
20041
20041
20039
20036
20035
20031
20027
20022
20020
20016
20015
20009
20007
20004
20004
19997
19997
19993
19979
19974
19968
19961
19957
19954
19952
19949
19946
19932
19932
19929
19925
19924
19921
19916
19909
19908
19904
19888
19887
19886
19886
19885
19881
19873
19872
19870
19870
19862
19857
19848
19844
19837
19837
19832
19829
19827
19824
19824
19813
19811
19801
19798
19794
19786
19781
19779
19776
19775
19771
19748
19747
19741
19740
19738
19737
19717
19714
19710
19710
19709
19708
19706
19701
19697
19696
19681
19679
19676
19672
19662
19659
19656
19656
19656
19647
19641
19638
19632
19630
19618
19610
19609
19608
19604
19604
19600
19593
19592
19592
19588
19587
19587
19584
19581
19579
19577
19575
19573
19569
19557
19548
19541
19530
19529
19528
19510
19507
19504
19502
19496
19495
19486
19470
19466
19465
19465
19455
19448
19448
19438
19429
19425
19425
19424
19422
19417
19413
19412
19398
19392
19391
19390
19390
19389
19385
19379
19379
19375
19375
19375
19372
19361
19358
19355
19342
19341
19340
19338
19325
19323
19319
19318
19315
19310
19306
19303
19303
19302
19298
19296
19292
19286
19284
19278
19276
19276
19272
19267
19264
19264
19264
19259
19255
19247
19246
19238
19238
19237
19236
19231
19229
19226
19222
19218
19217
19216
19212
19212
19199
19183
19182
19179
19179
19172
19168
19168
19166
19161
19151
19150
19136
19135
19134
19129
19115
19114
19114
19112
19104
19094
19088
19088
19086
19085
19084
19084
19084
19079
19075
19073
19073
19071
19069
19067
19066
19066
19064
19059
19040
19039
19037
19037
19036
19032
19030
19026
19024
19020
19018
19014
19014
19013
19012
19004
18984
18972
18972
18972
18970
18970
18966
18962
18959
18956
18955
18949
18948
18939
18931
18929
18925
18923
18923
18920
18919
18906
18904
18903
18902
18894
18891
18880
18880
18876
18873
18856
18852
18852
18849
18848
18844
18833
18829
18827
18826
18825
18824
18807
18806
18800
18799
18797
18784
18784
18781
18778
18775
18771
18769
18766
18764
18762
18761
18755
18755
18754
18747
18746
18746
18743
18738
18736
18730
18726
18711
18704
18697
18686
18679
18675
18660
18656
18655
18651
18634
18631
18628
18620
18619
18616
18614
18613
18612
18610
18605
18597
18589
18584
18583
18581
18579
18578
18571
18570
18569
18562
18554
18553
18553
18551
18545
18544
18539
18536
18535
18533
18525
18519
18517
18517
18514
18508
18501
18497
18496
18495
18490
18489
18488
18483
18475
18473
18473
18473
18473
18469
18464
18453
18453
18449
18448
18444
18440
18432
18427
18424
18424
18423
18423
18412
18410
18400
18398
18398
18395
18387
18378
18372
18365
18362
18356
18350
18348
18342
18335
18329
18323
18315
18310
18294
18288
18288
18286
18275
18266
18263
18257
18256
18253
18253
18253
18250
18243
18240
18235
18231
18231
18231
18231
18220
18206
18200
18198
18197
18196
18191
18191
18183
18182
18180
18174
18172
18171
18168
18163
18158
18155
18148
18143
18141
18140
18132
18128
18127
18124
18124
18120
18119
18117
18115
18111
18107
18105
18102
18093
18088
18085
18079
18077
18070
18067
18063
18057
18056
18049
18048
18044
18034
18027
18026
18016
18014
18013
18011
18006
18006
18006
18001
18000
17997
17994
17989
17983
17982
17974
17964
17964
17964
17957
17956
17952
17949
17934
17931
17920
17917
17915
17913
17906
17902
17899
17898
17893
17892
17887
17885
17883
17881
17877
17875
17874
17874
17872
17870
17868
17865
17864
17860
17860
17858
17858
17856
17853
17852
17850
17847
17846
17839
17832
17827
17825
17823
17822
17820
17819
17818
17808
17794
17792
17787
17784
17781
17776
17775
17761
17759
17757
17756
17753
17752
17749
17747
17746
17742
17740
17726
17725
17724
17705
17701
17690
17687
17686
17683
17680
17677
17676
17676
17675
17667
17665
17664
17661
17656
17645
17645
17642
17642
17637
17620
17619
17617
17613
17594
17594
17589
17584
17584
17583
17582
17581
17562
17560
17550
17549
17549
17545
17543
17542
17534
17533
17520
17520
17519
17514
17510
17510
17508
17502
17501
17494
17493
17490
17486
17485
17482
17481
17477
17460
17459
17459
17455
17454
17452
17448
17445
17442
17435
17433
17433
17427
17425
17423
17418
17417
17417
17409
17404
17400
17395
17394
17385
17379
17365
17359
17354
17351
17348
17344
17342
17341
17340
17339
17329
17322
17322
17318
17313
17312
17312
17308
17307
17306
17300
17297
17297
17295
17293
17292
17284
17281
17278
17274
17270
17265
17264
17260
17257
17257
17256
17251
17248
17248
17243
17239
17228
17228
17220
17219
17216
17205
17202
17193
17189
17188
17180
17170
17159
17152
17148
17145
17141
17141
17123
17118
17109
17107
17104
17102
17100
17099
17088
17085
17083
17083
17081
17070
17064
17042
17040
17037
17036
17035
17031
17029
17027
17027
17026
17018
17014
17014
17013
17008
17002
16996
16990
16989
16978
16978
16973
16967
16966
16949
16943
16936
16929
16921
16913
16899
16899
16898
16896
16887
16884
16880
16879
16879
16877
16868
16867
16864
16862
16858
16857
16850
16847
16832
16831
16830
16827
16817
16812
16809
16795
16781
16781
16780
16780
16780
16776
16770
16766
16764
16759
16757
16755
16734
16734
16731
16728
16727
16711
16709
16705
16705
16704
16701
16699
16691
16690
16685
16684
16678
16677
16675
16671
16669
16662
16660
16659
16658
16652
16648
16642
16636
16636
16634
16627
16627
16620
16616
16609
16600
16590
16586
16571
16569
16568
16565
16564
16561
16560
16556
16545
16531
16530
16530
16524
16519
16518
16512
16508
16499
16495
16492
16490
16486
16486
16485
16484
16481
16481
16479
16473
16467
16446
16437
16436
16433
16431
16431
16430
16428
16419
16416
16416
16414
16413
16413
16412
16411
16411
16398
16391
16389
16389
16378
16373
16372
16372
16370
16359
16352
16349
16347
16343
16332
16328
16324
16323
16321
16319
16318
16312
16308
16302
16301
16300
16296
16295
16290
16290
16290
16288
16287
16286
16276
16276
16273
16267
16265
16262
16261
16259
16258
16254
16244
16242
16242
16242
16239
16237
16229
16229
16228
16227
16224
16223
16222
16208
16197
16197
16191
16185
16179
16178
16177
16177
16172
16169
16161
16161
16153
16152
16151
16149
16147
16144
16140
16133
16129
16129
16128
16102
16101
16098
16096
16094
16091
16090
16088
16084
16078
16070
16068
16066
16061
16060
16058
16058
16047
16037
16037
16035
16028
16026
16024
16023
16016
16011
16011
16011
16006
16004
16002
15998
15997
15996
15993
15992
15984
15982
15977
15976
15968
15968
15962
15958
15956
15954
15953
15946
15944
15935
15933
15927
15927
15925
15910
15903
15902
15892
15888
15887
15886
15882
15881
15874
15866
15865
15861
15858
15856
15855
15854
15853
15845
15825
15821
15815
15815
15813
15805
15803
15799
15799
15795
15792
15792
15791
15788
15784
15782
15773
15744
15739
15731
15726
15723
15721
15710
15709
15705
15701
15695
15694
15694
15692
15689
15684
15678
15677
15677
15671
15657
15653
15652
15648
15643
15630
15627
15627
15619
15616
15615
15614
15613
15613
15603
15600
15595
15595
15592
15584
15577
15570
15568
15561
15559
15556
15555
15550
15549
15549
15541
15541
15530
15525
15525
15525
15520
15510
15505
15505
15500
15488
15483
15481
15471
15470
15467
15463
15463
15458
15456
15451
15448
15440
15428
15425
15418
15417
15411
15410
15408
15398
15394
15394
15393
15389
15386
15384
15382
15379
15374
15373
15370
15368
15367
15362
15344
15341
15340
15330
15330
15322
15320
15317
15317
15316
15310
15305
15304
15298
15295
15291
15286
15283
15276
15274
15270
15265
15264
15264
15260
15256
15252
15247
15239
15237
15233
15232
15232
15231
15229
15224
15224
15223
15212
15211
15210
15205
15200
15194
15193
15191
15189
15186
15177
15175
15170
15169
15162
15161
15160
15156
15154
15153
15153
15152
15150
15148
15147
15142
15136
15134
15134
15131
15131
15129
15127
15123
15120
15120
15119
15118
15117
15113
15111
15111
15108
15107
15100
15097
15095
15093
15088
15085
15085
15078
15075
15071
15069
15062
15061
15057
15051
15048
15035
15023
15016
15005
15003
14982
14978
14977
14976
14974
14969
14961
14953
14950
14950
14947
14944
14941
14936
14936
14935
14929
14929
14927
14916
14913
14898
14893
14890
14882
14882
14875
14872
14870
14864
14860
14859
14845
14845
14845
14837
14836
14833
14832
14828
14827
14827
14820
14815
14814
14813
14813
14810
14803
14797
14794
14786
14783
14775
14770
14765
14763
14762
14759
14758
14744
14743
14742
14741
14738
14731
14721
14712
14704
14704
14701
14700
14695
14693
14693
14685
14683
14675
14673
14672
14669
14668
14667
14661
14654
14644
14642
14641
14633
14631
14630
14628
14616
14611
14608
14600
14599
14590
14588
14586
14585
14580
14578
14564
14559
14555
14541
14539
14536
14532
14523
14522
14522
14513
14502
14500
14499
14496
14496
14492
14489
14486
14484
14480
14474
14469
14453
14451
14448
14445
14445
14444
14437
14436
14433
14422
14419
14406
14405
14401
14400
14395
14388
14383
14382
14380
14377
14375
14373
14370
14369
14357
14355
14350
14343
14341
14335
14332
14328
14303
14300
14299
14292
14289
14287
14278
14277
14276
14276
14275
14271
14270
14270
14263
14259
14252
14247
14244
14242
14237
14226
14226
14225
14215
14214
14210
14208
14206
14203
14201
14200
14199
14187
14183
14180
14177
14175
14170
14168
14162
14160
14160
14158
14151
14144
14144
14140
14131
14130
14124
14122
14121
14118
14116
14115
14111
14107
14099
14096
14092
14091
14082
14081
14073
14064
14063
14057
14056
14050
14045
14045
14041
14030
14029
14026
14024
14023
14023
14020
14020
14018
14004
14003
13995
13992
13986
13980
13969
13968
13956
13949
13947
13945
13945
13939
13931
13923
13918
13916
13913
13910
13908
13907
13905
13902
13894
13892
13887
13884
13879
13876
13868
13867
13858
13857
13849
13839
13838
13832
13830
13829
13828
13827
13821
13816
13813
13811
13810
13804
13803
13800
13791
13790
13781
13772
13770
13769
13755
13743
13740
13740
13733
13730
13728
13726
13717
13710
13700
13697
13694
13686
13683
13682
13681
13678
13670
13664
13661
13658
13655
13654
13654
13653
13651
13646
13639
13633
13631
13628
13627
13625
13625
13623
13616
13614
13612
13602
13602
13600
13600
13597
13595
13592
13586
13583
13577
13576
13571
13566
13561
13561
13552
13552
13538
13534
13534
13520
13502
13500
13495
13489
13487
13484
13483
13481
13476
13476
13473
13470
13468
13461
13451
13448
13445
13439
13438
13435
13434
13431
13430
13428
13428
13409
13399
13390
13389
13388
13386
13383
13383
13382
13364
13360
13353
13353
13351
13349
13347
13339
13336
13333
13333
13332
13331
13329
13320
13298
13298
13297
13296
13293
13291
13290
13284
13283
13280
13278
13272
13266
13266
13257
13254
13249
13239
13236
13233
13229
13226
13225
13219
13198
13191
13187
13182
13177
13175
13169
13168
13167
13166
13165
13164
13152
13152
13150
13136
13134
13134
13134
13132
13115
13115
13112
13110
13107
13097
13095
13091
13087
13084
13084
13083
13082
13079
13079
13078
13075
13067
13062
13060
13052
13048
13046
13044
13041
13041
13039
13018
13017
13017
13015
13005
13004
13001
12999
12998
12995
12990
12982
12965
12958
12958
12951
12948
12941
12924
12922
12918
12908
12907
12901
12894
12870
12862
12860
12854
12849
12840
12838
12834
12833
12827
12826
12824
12819
12811
12804
12802
12800
12794
12785
12784
12781
12777
12777
12776
12773
12772
12771
12765
12763
12757
12752
12752
12750
12740
12740
12737
12736
12730
12728
12726
12725
12705
12701
12698
12698
12694
12688
12688
12685
12683
12679
12675
12672
12667
12655
12653
12651
12650
12650
12647
12643
12642
12640
12637
12631
12631
12627
12626
12615
12605
12600
12597
12593
12593
12591
12591
12586
12585
12585
12580
12576
12576
12575
12563
12563
12559
12557
12557
12556
12550
12546
12545
12544
12542
12538
12534
12513
12508
12507
12504
12493
12490
12487
12486
12485
12484
12484
12480
12478
12468
12462
12456
12456
12449
12446
12442
12435
12420
12418
12415
12409
12403
12388
12388
12385
12375
12374
12372
12370
12370
12358
12357
12351
12349
12343
12338
12334
12325
12324
12323
12319
12314
12308
12304
12304
12302
12298
12293
12291
12289
12276
12272
12270
12266
12265
12261
12260
12248
12243
12241
12237
12231
12230
12228
12224
12222
12207
12203
12200
12182
12172
12155
12154
12151
12150
12139
12136
12126
12119
12114
12107
12104
12103
12075
12072
12071
12067
12059
12059
12057
12056
12056
12051
12046
12035
12031
12021
12017
12017
12013
12009
12006
12003
12000
11998
11994
11992
11986
11981
11980
11977
11976
11971
11970
11961
11944
11940
11940
11939
11938
11925
11922
11920
11919
11915
11913
11893
11891
11891
11888
11887
11885
11884
11880
11872
11869
11868
11868
11853
11852
11852
11851
11850
11843
11842
11837
11832
11823
11817
11814
11808
11803
11798
11796
11795
11792
11786
11782
11782
11770
11765
11759
11755
11754
11753
11753
11748
11735
11734
11734
11732
11723
11716
11713
11703
11689
11687
11682
11679
11675
11674
11672
11672
11670
11667
11663
11660
11660
11652
11652
11649
11648
11642
11640
11639
11634
11624
11622
11622
11618
11612
11610
11610
11606
11605
11596
11593
11592
11591
11590
11588
11571
11570
11561
11560
11554
11547
11545
11541
11540
11539
11533
11532
11531
11531
11528
11524
11523
11521
11517
11516
11515
11515
11514
11510
11507
11502
11501
11496
11493
11490
11481
11474
11474
11474
11469
11466
11463
11460
11459
11459
11458
11455
11455
11450
11447
11444
11443
11440
11435
11433
11432
11428
11412
11411
11408
11405
11404
11391
11391
11386
11383
11382
11380
11377
11375
11356
11346
11341
11340
11335
11330
11329
11324
11322
11321
11320
11316
11315
11309
11297
11295
11292
11288
11284
11282
11270
11262
11259
11255
11254
11233
11229
11226
11223
11221
11221
11202
11201
11201
11198
11187
11183
11181
11172
11167
11150
11149
11143
11139
11136
11134
11132
11130
11128
11115
11105
11104
11101
11093
11092
11092
11091
11090
11086
11084
11071
11066
11066
11064
11063
11061
11047
11045
11044
11042
11037
11034
11034
11031
11030
11029
11028
11027
11024
11022
11019
11015
11014
11010
11004
11004
11003
10997
10996
10975
10969
10969
10968
10966
10959
10948
10946
10945
10941
10937
10936
10934
10927
10921
10919
10913
10911
10909
10905
10897
10888
10885
10877
10875
10867
10865
10865
10853
10842
10842
10840
10837
10837
10836
10830
10829
10825
10822
10821
10819
10807
10779
10770
10768
10760
10753
10748
10743
10742
10742
10740
10739
10735
10733
10723
10718
10718
10712
10711
10704
10704
10692
10692
10690
10688
10680
10674
10671
10664
10661
10642
10638
10629
10618
10615
10612
10604
10604
10598
10597
10596
10596
10595
10590
10589
10589
10583
10575
10573
10569
10568
10566
10560
10552
10545
10538
10536
10532
10528
10523
10519
10514
10503
10500
10492
10486
10477
10470
10466
10464
10463
10463
10457
10457
10457
10454
10447
10444
10442
10438
10418
10415
10411
10402
10400
10397
10394
10394
10391
10389
10384
10382
10381
10376
10373
10371
10370
10364
10361
10342
10341
10340
10339
10336
10335
10334
10328
10319
10313
10311
10310
10307
10302
10301
10297
10293
10291
10290
10290
10286
10285
10283
10277
10274
10268
10267
10255
10254
10249
10246
10241
10239
10239
10238
10235
10234
10229
10224
10221
10220
10218
10213
10212
10212
10200
10190
10181
10178
10174
10174
10173
10168
10168
10166
10164
10163
10158
10157
10154
10147
10141
10141
10140
10140
10139
10137
10135
10133
10128
10126
10113
10108
10107
10100
10099
10099
10095
10095
10094
10093
10092
10090
10080
10075
10073
10065
10064
10053
10050
10049
10043
10039
10037
10032
10029
10028
10025
10025
10021
10015
10010
10009
9996
9994
9994
9992
9989
9983
9979
9972
9971
9967
9962
9959
9953
9950
9949
9946
9944
9942
9941
9938
9931
9927
9926
9918
9913
9907
9903
9897
9886
9875
9872
9871
9871
9867
9861
9859
9852
9836
9831
9821
9813
9813
9813
9812
9810
9808
9806
9804
9801
9789
9786
9785
9781
9764
9763
9759
9757
9756
9753
9748
9747
9741
9740
9737
9732
9727
9724
9723
9723
9718
9706
9698
9692
9685
9674
9674
9670
9658
9656
9655
9645
9644
9639
9637
9621
9611
9609
9608
9604
9595
9586
9582
9579
9570
9570
9560
9560
9558
9557
9556
9540
9538
9535
9535
9533
9533
9522
9520
9520
9506
9496
9495
9491
9491
9484
9484
9483
9482
9481
9476
9476
9443
9424
9422
9421
9415
9410
9407
9400
9393
9383
9380
9378
9376
9372
9371
9368
9367
9364
9354
9353
9346
9345
9344
9326
9321
9321
9314
9313
9312
9312
9304
9301
9291
9291
9290
9279
9276
9275
9265
9264
9262
9261
9259
9259
9251
9246
9246
9238
9234
9233
9233
9226
9223
9214
9198
9192
9187
9181
9178
9176
9172
9170
9163
9161
9148
9148
9145
9138
9135
9134
9133
9128
9127
9127
9125
9117
9115
9110
9109
9108
9098
9095
9081
9080
9075
9055
9052
9051
9050
9046
9043
9042
9039
9038
9037
9037
9035
9027
9024
9020
9013
9004
9002
9001
8995
8989
8984
8975
8975
8972
8969
8962
8957
8951
8945
8945
8937
8934
8934
8925
8919
8914
8914
8914
8909
8905
8901
8900
8898
8891
8885
8884
8881
8881
8880
8875
8863
8862
8860
8858
8858
8856
8852
8851
8850
8848
8845
8843
8835
8827
8819
8816
8816
8814
8806
8800
8798
8787
8787
8781
8781
8780
8778
8776
8774
8774
8765
8759
8759
8758
8755
8753
8752
8746
8737
8736
8733
8733
8729
8727
8718
8716
8714
8708
8706
8702
8700
8698
8687
8684
8682
8680
8679
8670
8669
8668
8665
8662
8654
8653
8647
8641
8637
8628
8628
8626
8625
8623
8619
8618
8612
8604
8600
8594
8594
8591
8582
8580
8576
8563
8563
8560
8554
8551
8551
8550
8546
8542
8539
8539
8538
8538
8535
8534
8530
8521
8515
8513
8507
8505
8498
8494
8493
8492
8487
8479
8477
8472
8472
8471
8461
8454
8448
8447
8441
8441
8432
8430
8428
8425
8423
8420
8415
8414
8412
8408
8405
8405
8404
8398
8394
8393
8381
8370
8369
8363
8362
8358
8348
8347
8336
8336
8333
8329
8321
8320
8318
8317
8316
8304
8302
8295
8295
8292
8288
8282
8279
8276
8273
8265
8263
8254
8254
8253
8249
8245
8244
8239
8236
8229
8226
8220
8212
8212
8212
8209
8206
8194
8194
8184
8179
8178
8171
8168
8158
8152
8132
8129
8128
8102
8100
8100
8099
8098
8097
8082
8079
8068
8064
8057
8053
8049
8032
8027
8027
8023
8015
8015
8013
8011
8010
8004
8003
8003
7999
7997
7993
7990
7989
7985
7972
7966
7965
7962
7953
7951
7945
7935
7933
7931
7929
7924
7919
7914
7913
7912
7902
7894
7876
7859
7852
7849
7847
7846
7846
7845
7836
7823
7823
7822
7821
7819
7807
7793
7791
7789
7784
7779
7778
7774
7773
7770
7770
7768
7761
7760
7758
7757
7757
7755
7751
7751
7743
7743
7741
7740
7735
7729
7728
7728
7728
7725
7720
7719
7715
7715
7714
7712
7711
7705
7703
7702
7701
7701
7701
7700
7698
7694
7676
7672
7661
7661
7658
7655
7652
7652
7647
7644
7630
7628
7621
7619
7619
7614
7611
7607
7606
7599
7588
7586
7584
7582
7577
7575
7572
7569
7566
7560
7559
7558
7555
7554
7553
7552
7547
7544
7542
7536
7529
7528
7524
7521
7518
7516
7512
7509
7507
7507
7496
7490
7486
7481
7481
7479
7479
7476
7461
7460
7446
7442
7442
7441
7435
7431
7431
7430
7428
7425
7420
7417
7414
7409
7408
7404
7400
7398
7398
7398
7392
7370
7354
7350
7343
7343
7335
7327
7323
7322
7320
7311
7309
7309
7304
7300
7299
7287
7285
7275
7264
7262
7258
7257
7256
7256
7254
7247
7244
7243
7242
7237
7235
7231
7229
7227
7226
7224
7222
7221
7211
7210
7201
7197
7193
7193
7191
7187
7181
7175
7163
7160
7146
7144
7139
7138
7125
7125
7124
7121
7117
7106
7105
7105
7102
7101
7095
7093
7088
7084
7082
7082
7066
7065
7063
7063
7058
7056
7056
7054
7047
7045
7031
7029
7028
7027
7014
7013
7006
6995
6990
6990
6985
6981
6981
6979
6978
6977
6973
6970
6960
6960
6953
6950
6949
6935
6928
6922
6916
6914
6914
6910
6908
6906
6905
6903
6895
6894
6886
6884
6875
6874
6868
6865
6864
6860
6858
6857
6857
6850
6847
6846
6843
6839
6838
6830
6818
6812
6810
6802
6799
6791
6784
6781
6778
6778
6771
6761
6741
6738
6731
6726
6722
6720
6713
6711
6708
6706
6706
6705
6700
6699
6694
6692
6692
6689
6688
6687
6683
6681
6675
6671
6657
6652
6648
6644
6640
6638
6635
6617
6616
6616
6614
6608
6605
6600
6594
6594
6577
6571
6569
6563
6555
6554
6536
6533
6533
6532
6510
6509
6504
6498
6482
6480
6479
6478
6473
6472
6466
6464
6462
6461
6461
6460
6458
6458
6456
6441
6438
6436
6429
6428
6418
6417
6411
6402
6399
6398
6395
6370
6369
6367
6358
6357
6349
6348
6336
6334
6330
6329
6313
6312
6311
6308
6307
6297
6295
6292
6287
6286
6285
6280
6280
6279
6279
6272
6270
6265
6263
6263
6259
6254
6253
6253
6252
6247
6246
6246
6245
6237
6229
6228
6227
6222
6215
6215
6215
6209
6206
6204
6199
6197
6197
6194
6192
6191
6178
6176
6176
6173
6173
6169
6158
6152
6145
6142
6140
6135
6132
6131
6128
6127
6126
6118
6114
6111
6088
6080
6077
6067
6050
6048
6045
6043
6031
6022
6022
6022
6014
6012
6003
5997
5996
5989
5980
5975
5969
5967
5967
5960
5952
5951
5950
5943
5937
5932
5926
5923
5923
5922
5921
5906
5905
5903
5897
5894
5877
5874
5872
5861
5855
5847
5842
5825
5811
5810
5808
5805
5799
5796
5790
5790
5785
5781
5778
5776
5769
5756
5756
5755
5750
5748
5748
5742
5735
5729
5727
5720
5717
5713
5707
5697
5695
5693
5686
5684
5682
5658
5658
5656
5651
5636
5632
5625
5622
5620
5615
5612
5607
5604
5593
5579
5571
5571
5570
5562
5559
5547
5547
5534
5526
5524
5523
5521
5520
5518
5516
5514
5510
5510
5508
5507
5507
5503
5500
5498
5488
5487
5487
5484
5482
5481
5478
5476
5472
5469
5468
5467
5465
5464
5464
5449
5447
5437
5430
5421
5412
5409
5406
5404
5397
5387
5371
5368
5363
5355
5351
5342
5338
5334
5334
5330
5328
5327
5326
5323
5318
5317
5309
5309
5308
5301
5298
5288
5269
5257
5257
5250
5246
5246
5246
5245
5237
5236
5236
5235
5235
5232
5215
5215
5209
5202
5197
5185
5181
5180
5175
5174
5160
5149
5149
5147
5142
5141
5141
5140
5133
5132
5132
5121
5118
5108
5105
5100
5096
5095
5092
5083
5075
5071
5064
5060
5055
5054
5053
5047
5046
5045
5039
5038
5032
5006
5003
5003
4998
4997
4994
4991
4988
4988
4986
4981
4976
4975
4974
4970
4959
4953
4944
4943
4940
4937
4929
4928
4919
4917
4916
4915
4913
4912
4911
4910
4898
4897
4895
4892
4890
4885
4883
4880
4876
4870
4869
4868
4868
4867
4865
4839
4832
4830
4826
4816
4811
4809
4800
4789
4789
4783
4777
4772
4767
4761
4758
4746
4744
4742
4728
4726
4726
4722
4722
4719
4719
4713
4711
4711
4710
4707
4705
4703
4700
4690
4682
4682
4680
4680
4678
4669
4669
4650
4643
4638
4634
4631
4625
4619
4615
4612
4611
4611
4609
4608
4598
4595
4594
4593
4591
4587
4585
4582
4568
4550
4548
4537
4529
4517
4517
4506
4505
4502
4495
4489
4480
4477
4471
4471
4470
4469
4463
4463
4462
4452
4446
4440
4439
4435
4433
4432
4425
4418
4409
4406
4403
4395
4395
4390
4389
4387
4386
4385
4385
4374
4364
4352
4344
4339
4325
4321
4313
4311
4304
4301
4291
4286
4278
4276
4273
4270
4265
4255
4246
4245
4242
4241
4238
4229
4224
4224
4217
4203
4201
4199
4176
4174
4171
4167
4167
4165
4164
4159
4150
4147
4147
4141
4138
4134
4133
4131
4117
4117
4113
4113
4108
4107
4103
4100
4099
4098
4098
4096
4086
4082
4079
4072
4071
4067
4061
4061
4054
4051
4046
4035
4031
4029
4027
4025
4024
4023
4023
4019
4019
4017
4013
4011
4007
3998
3980
3972
3972
3967
3965
3965
3953
3946
3938
3936
3935
3935
3930
3924
3910
3906
3905
3904
3903
3902
3898
3896
3892
3889
3885
3884
3877
3871
3868
3866
3861
3861
3849
3845
3838
3826
3825
3822
3816
3813
3810
3800
3793
3792
3791
3790
3785
3783
3779
3759
3750
3747
3746
3740
3739
3739
3732
3730
3717
3714
3712
3710
3709
3700
3695
3682
3678
3673
3669
3663
3660
3652
3649
3645
3631
3626
3619
3617
3614
3606
3601
3592
3588
3583
3577
3574
3561
3540
3540
3539
3532
3524
3523
3522
3518
3516
3512
3510
3508
3507
3499
3499
3497
3495
3495
3483
3480
3479
3475
3474
3468
3465
3464
3457
3451
3450
3450
3450
3448
3448
3447
3447
3424
3424
3418
3414
3409
3404
3402
3398
3394
3391
3387
3387
3374
3371
3367
3365
3362
3362
3358
3357
3357
3354
3351
3347
3344
3336
3332
3331
3325
3323
3321
3319
3318
3316
3315
3313
3297
3290
3283
3274
3269
3266
3264
3256
3255
3252
3251
3250
3250
3238
3234
3228
3224
3224
3223
3218
3213
3211
3206
3188
3187
3182
3174
3172
3159
3157
3156
3156
3153
3153
3152
3139
3139
3129
3126
3126
3114
3110
3093
3089
3089
3086
3081
3059
3055
3055
3047
3046
3046
3037
3037
3036
3034
3032
3031
3027
3024
3014
3011
3007
3003
2992
2992
2982
2974
2972
2971
2971
2962
2956
2955
2955
2939
2937
2937
2935
2933
2925
2921
2917
2914
2913
2910
2908
2906
2906
2901
2897
2892
2892
2887
2887
2872
2866
2864
2863
2863
2860
2859
2858
2857
2853
2849
2836
2835
2827
2827
2827
2824
2822
2821
2813
2811
2811
2809
2798
2797
2796
2794
2787
2786
2785
2782
2779
2778
2778
2776
2769
2767
2762
2761
2759
2758
2756
2752
2743
2737
2735
2733
2723
2720
2720
2719
2714
2712
2700
2698
2689
2679
2677
2676
2670
2662
2658
2653
2651
2650
2650
2646
2644
2643
2639
2634
2631
2627
2625
2614
2611
2611
2609
2608
2608
2608
2604
2597
2594
2585
2579
2576
2574
2566
2557
2557
2555
2552
2545
2541
2541
2540
2538
2532
2530
2529
2527
2521
2516
2509
2496
2495
2488
2488
2484
2483
2483
2473
2471
2469
2465
2461
2459
2454
2452
2450
2449
2445
2444
2431
2423
2417
2410
2392
2388
2384
2384
2381
2380
2374
2374
2368
2367
2358
2355
2351
2347
2345
2342
2321
2317
2307
2300
2293
2286
2278
2278
2273
2272
2271
2271
2266
2266
2260
2257
2237
2237
2230
2229
2228
2217
2217
2210
2208
2203
2186
2183
2178
2166
2164
2163
2153
2148
2148
2137
2131
2131
2125
2123
2122
2113
2106
2100
2098
2096
2095
2089
2078
2078
2075
2073
2071
2071
2058
2051
2050
2049
2047
2047
2041
2038
2035
2031
2028
2022
2016
2015
2008
2003
1998
1990
1981
1962
1961
1959
1947
1944
1943
1942
1931
1928
1926
1926
1926
1923
1920
1917
1917
1904
1902
1900
1894
1889
1887
1881
1878
1872
1861
1846
1845
1836
1835
1835
1835
1824
1821
1820
1819
1818
1813
1810
1807
1798
1793
1789
1786
1785
1781
1774
1770
1769
1769
1758
1756
1755
1746
1735
1735
1732
1725
1720
1718
1717
1714
1708
1704
1703
1701
1698
1695
1681
1677
1676
1672
1668
1667
1649
1649
1642
1637
1635
1630
1626
1617
1611
1610
1606
1603
1602
1600
1590
1589
1583
1581
1579
1579
1573
1569
1568
1567
1558
1555
1528
1524
1512
1505
1502
1496
1489
1486
1484
1481
1479
1479
1478
1468
1467
1464
1458
1447
1447
1446
1446
1441
1438
1437
1434
1432
1425
1417
1414
1406
1405
1403
1401
1399
1396
1391
1390
1373
1373
1373
1372
1366
1363
1362
1361
1354
1351
1349
1349
1342
1336
1335
1327
1327
1324
1323
1321
1304
1297
1294
1289
1285
1283
1268
1263
1260
1252
1249
1247
1245
1242
1239
1236
1236
1216
1198
1188
1187
1183
1175
1174
1170
1167
1164
1163
1162
1159
1153
1153
1150
1147
1145
1144
1136
1133
1133
1130
1129
1126
1126
1125
1123
1121
1117
1101
1088
1082
1073
1072
1071
1066
1066
1062
1054
1054
1053
1051
1038
1032
1022
1015
1006
1005
1004
1003
999
995
989
988
986
986
984
981
976
974
974
971
965
959
953
952
952
951
948
947
942
941
932
929
928
927
922
917
915
914
912
912
902
902
895
894
894
891
887
883
879
876
868
865
862
852
852
842
838
833
833
831
829
820
818
817
814
813
811
808
806
803
799
792
790
787
784
779
779
776
774
768
764
763
763
754
748
747
746
742
728
728
726
726
725
721
720
716
716
715
706
706
698
696
694
693
691
678
670
653
649
649
646
641
638
636
626
619
616
613
607
605
599
596
593
591
590
589
588
585
576
574
573
568
560
552
551
551
550
548
541
537
524
520
514
510
507
497
492
485
474
468
462
457
454
453
452
442
430
420
418
418
415
406
403
403
396
392
388
365
365
364
359
358
354
350
342
338
335
335
328
326
321
314
309
307
306
305
303
301
297
295
287
282
281
277
262
260
248
245
241
237
237
235
233
220
215
213
206
203
202
194
175
175
172
169
160
156
154
146
140
133
126
119
113
111
108
103
99
94
90
87
84
78
75
61
56
51
47
42
38
37
34
15
11
3
2
