8000
2
3
11
15
34
37
38
42
47
51
56
61
75
78
84
87
90
94
99
103
108
111
113
119
126
133
140
146
154
156
160
169
172
175
175
194
202
203
206
213
215
220
233
235
237
237
241
245
248
260
262
277
281
282
287
295
297
301
303
305
306
307
309
314
321
326
328
335
335
338
342
350
354
358
359
364
365
365
388
392
396
403
403
406
415
418
418
420
430
442
452
453
454
457
462
468
474
485
492
497
507
510
514
520
524
537
541
548
550
551
551
552
560
568
573
574
576
585
588
589
590
591
593
596
599
605
607
613
616
619
626
636
638
641
646
649
649
653
670
678
691
693
694
696
698
706
706
715
716
716
720
721
725
726
726
728
728
742
746
747
748
754
763
763
764
768
774
776
779
779
784
787
790
792
799
803
806
808
811
813
814
817
818
820
829
831
833
833
838
842
852
852
862
865
868
876
879
883
887
891
894
894
895
902
902
912
912
914
915
917
922
927
928
929
932
941
942
947
948
951
952
952
953
959
965
971
974
974
976
981
984
986
986
988
989
995
999
1003
1004
1005
1006
1015
1022
1032
1038
1051
1053
1054
1054
1062
1066
1066
1071
1072
1073
1082
1088
1101
1117
1121
1123
1125
1126
1126
1129
1130
1133
1133
1136
1144
1145
1147
1150
1153
1153
1159
1162
1163
1164
1167
1170
1174
1175
1183
1187
1188
1198
1216
1236
1236
1239
1242
1245
1247
1249
1252
1260
1263
1268
1283
1285
1289
1294
1297
1304
1321
1323
1324
1327
1327
1335
1336
1342
1349
1349
1351
1354
1361
1362
1363
1366
1372
1373
1373
1373
1390
1391
1396
1399
1401
1403
1405
1406
1414
1417
1425
1432
1434
1437
1438
1441
1446
1446
1447
1447
1458
1464
1467
1468
1478
1479
1479
1481
1484
1486
1489
1496
1502
1505
1512
1524
1528
1555
1558
1567
1568
1569
1573
1579
1579
1581
1583
1589
1590
1600
1602
1603
1606
1610
1611
1617
1626
1630
1635
1637
1642
1649
1649
1667
1668
1672
1676
1677
1681
1695
1698
1701
1703
1704
1708
1714
1717
1718
1720
1725
1732
1735
1735
1746
1755
1756
1758
1769
1769
1770
1774
1781
1785
1786
1789
1793
1798
1807
1810
1813
1818
1819
1820
1821
1824
1835
1835
1835
1836
1845
1846
1861
1872
1878
1881
1887
1889
1894
1900
1902
1904
1917
1917
1920
1923
1926
1926
1926
1928
1931
1942
1943
1944
1947
1959
1961
1962
1981
1990
1998
2003
2008
2015
2016
2022
2028
2031
2035
2038
2041
2047
2047
2049
2050
2051
2058
2071
2071
2073
2075
2078
2078
2089
2095
2096
2098
2100
2106
2113
2122
2123
2125
2131
2131
2137
2148
2148
2153
2163
2164
2166
2178
2183
2186
2203
2208
2210
2217
2217
2228
2229
2230
2237
2237
2257
2260
2266
2266
2271
2271
2272
2273
2278
2278
2286
2293
2300
2307
2317
2321
2342
2345
2347
2351
2355
2358
2367
2368
2374
2374
2380
2381
2384
2384
2388
2392
2410
2417
2423
2431
2444
2445
2449
2450
2452
2454
2459
2461
2465
2469
2471
2473
2483
2483
2484
2488
2488
2495
2496
2509
2516
2521
2527
2529
2530
2532
2538
2540
2541
2541
2545
2552
2555
2557
2557
2566
2574
2576
2579
2585
2594
2597
2604
2608
2608
2608
2609
2611
2611
2614
2625
2627
2631
2634
2639
2643
2644
2646
2650
2650
2651
2653
2658
2662
2670
2676
2677
2679
2689
2698
2700
2712
2714
2719
2720
2720
2723
2733
2735
2737
2743
2752
2756
2758
2759
2761
2762
2767
2769
2776
2778
2778
2779
2782
2785
2786
2787
2794
2796
2797
2798
2809
2811
2811
2813
2821
2822
2824
2827
2827
2827
2835
2836
2849
2853
2857
2858
2859
2860
2863
2863
2864
2866
2872
2887
2887
2892
2892
2897
2901
2906
2906
2908
2910
2913
2914
2917
2921
2925
2933
2935
2937
2937
2939
2955
2955
2956
2962
2971
2971
2972
2974
2982
2992
2992
3003
3007
3011
3014
3024
3027
3031
3032
3034
3036
3037
3037
3046
3046
3047
3055
3055
3059
3081
3086
3089
3089
3093
3110
3114
3126
3126
3129
3139
3139
3152
3153
3153
3156
3156
3157
3159
3172
3174
3182
3187
3188
3206
3211
3213
3218
3223
3224
3224
3228
3234
3238
3250
3250
3251
3252
3255
3256
3264
3266
3269
3274
3283
3290
3297
3313
3315
3316
3318
3319
3321
3323
3325
3331
3332
3336
3344
3347
3351
3354
3357
3357
3358
3362
3362
3365
3367
3371
3374
3387
3387
3391
3394
3398
3402
3404
3409
3414
3418
3424
3424
3447
3447
3448
3448
3450
3450
3450
3451
3457
3464
3465
3468
3474
3475
3479
3480
3483
3495
3495
3497
3499
3499
3507
3508
3510
3512
3516
3518
3522
3523
3524
3532
3539
3540
3540
3561
3574
3577
3583
3588
3592
3601
3606
3614
3617
3619
3626
3631
3645
3649
3652
3660
3663
3669
3673
3678
3682
3695
3700
3709
3710
3712
3714
3717
3730
3732
3739
3739
3740
3746
3747
3750
3759
3779
3783
3785
3790
3791
3792
3793
3800
3810
3813
3816
3822
3825
3826
3838
3845
3849
3861
3861
3866
3868
3871
3877
3884
3885
3889
3892
3896
3898
3902
3903
3904
3905
3906
3910
3924
3930
3935
3935
3936
3938
3946
3953
3965
3965
3967
3972
3972
3980
3998
4007
4011
4013
4017
4019
4019
4023
4023
4024
4025
4027
4029
4031
4035
4046
4051
4054
4061
4061
4067
4071
4072
4079
4082
4086
4096
4098
4098
4099
4100
4103
4107
4108
4113
4113
4117
4117
4131
4133
4134
4138
4141
4147
4147
4150
4159
4164
4165
4167
4167
4171
4174
4176
4199
4201
4203
4217
4224
4224
4229
4238
4241
4242
4245
4246
4255
4265
4270
4273
4276
4278
4286
4291
4301
4304
4311
4313
4321
4325
4339
4344
4352
4364
4374
4385
4385
4386
4387
4389
4390
4395
4395
4403
4406
4409
4418
4425
4432
4433
4435
4439
4440
4446
4452
4462
4463
4463
4469
4470
4471
4471
4477
4480
4489
4495
4502
4505
4506
4517
4517
4529
4537
4548
4550
4568
4582
4585
4587
4591
4593
4594
4595
4598
4608
4609
4611
4611
4612
4615
4619
4625
4631
4634
4638
4643
4650
4669
4669
4678
4680
4680
4682
4682
4690
4700
4703
4705
4707
4710
4711
4711
4713
4719
4719
4722
4722
4726
4726
4728
4742
4744
4746
4758
4761
4767
4772
4777
4783
4789
4789
4800
4809
4811
4816
4826
4830
4832
4839
4865
4867
4868
4868
4869
4870
4876
4880
4883
4885
4890
4892
4895
4897
4898
4910
4911
4912
4913
4915
4916
4917
4919
4928
4929
4937
4940
4943
4944
4953
4959
4970
4974
4975
4976
4981
4986
4988
4988
4991
4994
4997
4998
5003
5003
5006
5032
5038
5039
5045
5046
5047
5053
5054
5055
5060
5064
5071
5075
5083
5092
5095
5096
5100
5105
5108
5118
5121
5132
5132
5133
5140
5141
5141
5142
5147
5149
5149
5160
5174
5175
5180
5181
5185
5197
5202
5209
5215
5215
5232
5235
5235
5236
5236
5237
5245
5246
5246
5246
5250
5257
5257
5269
5288
5298
5301
5308
5309
5309
5317
5318
5323
5326
5327
5328
5330
5334
5334
5338
5342
5351
5355
5363
5368
5371
5387
5397
5404
5406
5409
5412
5421
5430
5437
5447
5449
5464
5464
5465
5467
5468
5469
5472
5476
5478
5481
5482
5484
5487
5487
5488
5498
5500
5503
5507
5507
5508
5510
5510
5514
5516
5518
5520
5521
5523
5524
5526
5534
5547
5547
5559
5562
5570
5571
5571
5579
5593
5604
5607
5612
5615
5620
5622
5625
5632
5636
5651
5656
5658
5658
5682
5684
5686
5693
5695
5697
5707
5713
5717
5720
5727
5729
5735
5742
5748
5748
5750
5755
5756
5756
5769
5776
5778
5781
5785
5790
5790
5796
5799
5805
5808
5810
5811
5825
5842
5847
5855
5861
5872
5874
5877
5894
5897
5903
5905
5906
5921
5922
5923
5923
5926
5932
5937
5943
5950
5951
5952
5960
5967
5967
5969
5975
5980
5989
5996
5997
6003
6012
6014
6022
6022
6022
6031
6043
6045
6048
6050
6067
6077
6080
6088
6111
6114
6118
6126
6127
6128
6131
6132
6135
6140
6142
6145
6152
6158
6169
6173
6173
6176
6176
6178
6191
6192
6194
6197
6197
6199
6204
6206
6209
6215
6215
6215
6222
6227
6228
6229
6237
6245
6246
6246
6247
6252
6253
6253
6254
6259
6263
6263
6265
6270
6272
6279
6279
6280
6280
6285
6286
6287
6292
6295
6297
6307
6308
6311
6312
6313
6329
6330
6334
6336
6348
6349
6357
6358
6367
6369
6370
6395
6398
6399
6402
6411
6417
6418
6428
6429
6436
6438
6441
6456
6458
6458
6460
6461
6461
6462
6464
6466
6472
6473
6478
6479
6480
6482
6498
6504
6509
6510
6532
6533
6533
6536
6554
6555
6563
6569
6571
6577
6594
6594
6600
6605
6608
6614
6616
6616
6617
6635
6638
6640
6644
6648
6652
6657
6671
6675
6681
6683
6687
6688
6689
6692
6692
6694
6699
6700
6705
6706
6706
6708
6711
6713
6720
6722
6726
6731
6738
6741
6761
6771
6778
6778
6781
6784
6791
6799
6802
6810
6812
6818
6830
6838
6839
6843
6846
6847
6850
6857
6857
6858
6860
6864
6865
6868
6874
6875
6884
6886
6894
6895
6903
6905
6906
6908
6910
6914
6914
6916
6922
6928
6935
6949
6950
6953
6960
6960
6970
6973
6977
6978
6979
6981
6981
6985
6990
6990
6995
7006
7013
7014
7027
7028
7029
7031
7045
7047
7054
7056
7056
7058
7063
7063
7065
7066
7082
7082
7084
7088
7093
7095
7101
7102
7105
7105
7106
7117
7121
7124
7125
7125
7138
7139
7144
7146
7160
7163
7175
7181
7187
7191
7193
7193
7197
7201
7210
7211
7221
7222
7224
7226
7227
7229
7231
7235
7237
7242
7243
7244
7247
7254
7256
7256
7257
7258
7262
7264
7275
7285
7287
7299
7300
7304
7309
7309
7311
7320
7322
7323
7327
7335
7343
7343
7350
7354
7370
7392
7398
7398
7398
7400
7404
7408
7409
7414
7417
7420
7425
7428
7430
7431
7431
7435
7441
7442
7442
7446
7460
7461
7476
7479
7479
7481
7481
7486
7490
7496
7507
7507
7509
7512
7516
7518
7521
7524
7528
7529
7536
7542
7544
7547
7552
7553
7554
7555
7558
7559
7560
7566
7569
7572
7575
7577
7582
7584
7586
7588
7599
7606
7607
7611
7614
7619
7619
7621
7628
7630
7644
7647
7652
7652
7655
7658
7661
7661
7672
7676
7694
7698
7700
7701
7701
7701
7702
7703
7705
7711
7712
7714
7715
7715
7719
7720
7725
7728
7728
7728
7729
7735
7740
7741
7743
7743
7751
7751
7755
7757
7757
7758
7760
7761
7768
7770
7770
7773
7774
7778
7779
7784
7789
7791
7793
7807
7819
7821
7822
7823
7823
7836
7845
7846
7846
7847
7849
7852
7859
7876
7894
7902
7912
7913
7914
7919
7924
7929
7931
7933
7935
7945
7951
7953
7962
7965
7966
7972
7985
7989
7990
7993
7997
7999
8003
8003
8004
8010
8011
8013
8015
8015
8023
8027
8027
8032
8049
8053
8057
8064
8068
8079
8082
8097
8098
8099
8100
8100
8102
8128
8129
8132
8152
8158
8168
8171
8178
8179
8184
8194
8194
8206
8209
8212
8212
8212
8220
8226
8229
8236
8239
8244
8245
8249
8253
8254
8254
8263
8265
8273
8276
8279
8282
8288
8292
8295
8295
8302
8304
8316
8317
8318
8320
8321
8329
8333
8336
8336
8347
8348
8358
8362
8363
8369
8370
8381
8393
8394
8398
8404
8405
8405
8408
8412
8414
8415
8420
8423
8425
8428
8430
8432
8441
8441
8447
8448
8454
8461
8471
8472
8472
8477
8479
8487
8492
8493
8494
8498
8505
8507
8513
8515
8521
8530
8534
8535
8538
8538
8539
8539
8542
8546
8550
8551
8551
8554
8560
8563
8563
8576
8580
8582
8591
8594
8594
8600
8604
8612
8618
8619
8623
8625
8626
8628
8628
8637
8641
8647
8653
8654
8662
8665
8668
8669
8670
8679
8680
8682
8684
8687
8698
8700
8702
8706
8708
8714
8716
8718
8727
8729
8733
8733
8736
8737
8746
8752
8753
8755
8758
8759
8759
8765
8774
8774
8776
8778
8780
8781
8781
8787
8787
8798
8800
8806
8814
8816
8816
8819
8827
8835
8843
8845
8848
8850
8851
8852
8856
8858
8858
8860
8862
8863
8875
8880
8881
8881
8884
8885
8891
8898
8900
8901
8905
8909
8914
8914
8914
8919
8925
8934
8934
8937
8945
8945
8951
8957
8962
8969
8972
8975
8975
8984
8989
8995
9001
9002
9004
9013
9020
9024
9027
9035
9037
9037
9038
9039
9042
9043
9046
9050
9051
9052
9055
9075
9080
9081
9095
9098
9108
9109
9110
9115
9117
9125
9127
9127
9128
9133
9134
9135
9138
9145
9148
9148
9161
9163
9170
9172
9176
9178
9181
9187
9192
9198
9214
9223
9226
9233
9233
9234
9238
9246
9246
9251
9259
9259
9261
9262
9264
9265
9275
9276
9279
9290
9291
9291
9301
9304
9312
9312
9313
9314
9321
9321
9326
9344
9345
9346
9353
9354
9364
9367
9368
9371
9372
9376
9378
9380
9383
9393
9400
9407
9410
9415
9421
9422
9424
9443
9476
9476
9481
9482
9483
9484
9484
9491
9491
9495
9496
9506
9520
9520
9522
9533
9533
9535
9535
9538
9540
9556
9557
9558
9560
9560
9570
9570
9579
9582
9586
9595
9604
9608
9609
9611
9621
9637
9639
9644
9645
9655
9656
9658
9670
9674
9674
9685
9692
9698
9706
9718
9723
9723
9724
9727
9732
9737
9740
9741
9747
9748
9753
9756
9757
9759
9763
9764
9781
9785
9786
9789
9801
9804
9806
9808
9810
9812
9813
9813
9813
9821
9831
9836
9852
9859
9861
9867
9871
9871
9872
9875
9886
9897
9903
9907
9913
9918
9926
9927
9931
9938
9941
9942
9944
9946
9949
9950
9953
9959
9962
9967
9971
9972
9979
9983
9989
9992
9994
9994
9996
10009
10010
10015
10021
10025
10025
10028
10029
10032
10037
10039
10043
10049
10050
10053
10064
10065
10073
10075
10080
10090
10092
10093
10094
10095
10095
10099
10099
10100
10107
10108
10113
10126
10128
10133
10135
10137
10139
10140
10140
10141
10141
10147
10154
10157
10158
10163
10164
10166
10168
10168
10173
10174
10174
10178
10181
10190
10200
10212
10212
10213
10218
10220
10221
10224
10229
10234
10235
10238
10239
10239
10241
10246
10249
10254
10255
10267
10268
10274
10277
10283
10285
10286
10290
10290
10291
10293
10297
10301
10302
10307
10310
10311
10313
10319
10328
10334
10335
10336
10339
10340
10341
10342
10361
10364
10370
10371
10373
10376
10381
10382
10384
10389
10391
10394
10394
10397
10400
10402
10411
10415
10418
10438
10442
10444
10447
10454
10457
10457
10457
10463
10463
10464
10466
10470
10477
10486
10492
10500
10503
10514
10519
10523
10528
10532
10536
10538
10545
10552
10560
10566
10568
10569
10573
10575
10583
10589
10589
10590
10595
10596
10596
10597
10598
10604
10604
10612
10615
10618
10629
10638
10642
10661
10664
10671
10674
10680
10688
10690
10692
10692
10704
10704
10711
10712
10718
10718
10723
10733
10735
10739
10740
10742
10742
10743
10748
10753
10760
10768
10770
10779
10807
10819
10821
10822
10825
10829
10830
10836
10837
10837
10840
10842
10842
10853
10865
10865
10867
10875
10877
10885
10888
10897
10905
10909
10911
10913
10919
10921
10927
10934
10936
10937
10941
10945
10946
10948
10959
10966
10968
10969
10969
10975
10996
10997
11003
11004
11004
11010
11014
11015
11019
11022
11024
11027
11028
11029
11030
11031
11034
11034
11037
11042
11044
11045
11047
11061
11063
11064
11066
11066
11071
11084
11086
11090
11091
11092
11092
11093
11101
11104
11105
11115
11128
11130
11132
11134
11136
11139
11143
11149
11150
11167
11172
11181
11183
11187
11198
11201
11201
11202
11221
11221
11223
11226
11229
11233
11254
11255
11259
11262
11270
11282
11284
11288
11292
11295
11297
11309
11315
11316
11320
11321
11322
11324
11329
11330
11335
11340
11341
11346
11356
11375
11377
11380
11382
11383
11386
11391
11391
11404
11405
11408
11411
11412
11428
11432
11433
11435
11440
11443
11444
11447
11450
11455
11455
11458
11459
11459
11460
11463
11466
11469
11474
11474
11474
11481
11490
11493
11496
11501
11502
11507
11510
11514
11515
11515
11516
11517
11521
11523
11524
11528
11531
11531
11532
11533
11539
11540
11541
11545
11547
11554
11560
11561
11570
11571
11588
11590
11591
11592
11593
11596
11605
11606
11610
11610
11612
11618
11622
11622
11624
11634
11639
11640
11642
11648
11649
11652
11652
11660
11660
11663
11667
11670
11672
11672
11674
11675
11679
11682
11687
11689
11703
11713
11716
11723
11732
11734
11734
11735
11748
11753
11753
11754
11755
11759
11765
11770
11782
11782
11786
11792
11795
11796
11798
11803
11808
11814
11817
11823
11832
11837
11842
11843
11850
11851
11852
11852
11853
11868
11868
11869
11872
11880
11884
11885
11887
11888
11891
11891
11893
11913
11915
11919
11920
11922
11925
11938
11939
11940
11940
11944
11961
11970
11971
11976
11977
11980
11981
11986
11992
11994
11998
12000
12003
12006
12009
12013
12017
12017
12021
12031
12035
12046
12051
12056
12056
12057
12059
12059
12067
12071
12072
12075
12103
12104
12107
12114
12119
12126
12136
12139
12150
12151
12154
12155
12172
12182
12200
12203
12207
12222
12224
12228
12230
12231
12237
12241
12243
12248
12260
12261
12265
12266
12270
12272
12276
12289
12291
12293
12298
12302
12304
12304
12308
12314
12319
12323
12324
12325
12334
12338
12343
12349
12351
12357
12358
12370
12370
12372
12374
12375
12385
12388
12388
12403
12409
12415
12418
12420
12435
12442
12446
12449
12456
12456
12462
12468
12478
12480
12484
12484
12485
12486
12487
12490
12493
12504
12507
12508
12513
12534
12538
12542
12544
12545
12546
12550
12556
12557
12557
12559
12563
12563
12575
12576
12576
12580
12585
12585
12586
12591
12591
12593
12593
12597
12600
12605
12615
12626
12627
12631
12631
12637
12640
12642
12643
12647
12650
12650
12651
12653
12655
12667
12672
12675
12679
12683
12685
12688
12688
12694
12698
12698
12701
12705
12725
12726
12728
12730
12736
12737
12740
12740
12750
12752
12752
12757
12763
12765
12771
12772
12773
12776
12777
12777
12781
12784
12785
12794
12800
12802
12804
12811
12819
12824
12826
12827
12833
12834
12838
12840
12849
12854
12860
12862
12870
12894
12901
12907
12908
12918
12922
12924
12941
12948
12951
12958
12958
12965
12982
12990
12995
12998
12999
13001
13004
13005
13015
13017
13017
13018
13039
13041
13041
13044
13046
13048
13052
13060
13062
13067
13075
13078
13079
13079
13082
13083
13084
13084
13087
13091
13095
13097
13107
13110
13112
13115
13115
13132
13134
13134
13134
13136
13150
13152
13152
13164
13165
13166
13167
13168
13169
13175
13177
13182
13187
13191
13198
13219
13225
13226
13229
13233
13236
13239
13249
13254
13257
13266
13266
13272
13278
13280
13283
13284
13290
13291
13293
13296
13297
13298
13298
13320
13329
13331
13332
13333
13333
13336
13339
13347
13349
13351
13353
13353
13360
13364
13382
13383
13383
13386
13388
13389
13390
13399
13409
13428
13428
13430
13431
13434
13435
13438
13439
13445
13448
13451
13461
13468
13470
13473
13476
13476
13481
13483
13484
13487
13489
13495
13500
13502
13520
13534
13534
13538
13552
13552
13561
13561
13566
13571
13576
13577
13583
13586
13592
13595
13597
13600
13600
13602
13602
13612
13614
13616
13623
13625
13625
13627
13628
13631
13633
13639
13646
13651
13653
13654
13654
13655
13658
13661
13664
13670
13678
13681
13682
13683
13686
13694
13697
13700
13710
13717
13726
13728
13730
13733
13740
13740
13743
13755
13769
13770
13772
13781
13790
13791
13800
13803
13804
13810
13811
13813
13816
13821
13827
13828
13829
13830
13832
13838
13839
13849
13857
13858
13867
13868
13876
13879
13884
13887
13892
13894
13902
13905
13907
13908
13910
13913
13916
13918
13923
13931
13939
13945
13945
13947
13949
13956
13968
13969
13980
13986
13992
13995
14003
14004
14018
14020
14020
14023
14023
14024
14026
14029
14030
14041
14045
14045
14050
14056
14057
14063
14064
14073
14081
14082
14091
14092
14096
14099
14107
14111
14115
14116
14118
14121
14122
14124
14130
14131
14140
14144
14144
14151
14158
14160
14160
14162
14168
14170
14175
14177
14180
14183
14187
14199
14200
14201
14203
14206
14208
14210
14214
14215
14225
14226
14226
14237
14242
14244
14247
14252
14259
14263
14270
14270
14271
14275
14276
14276
14277
14278
14287
14289
14292
14299
14300
14303
14328
14332
14335
14341
14343
14350
14355
14357
14369
14370
14373
14375
14377
14380
14382
14383
14388
14395
14400
14401
14405
14406
14419
14422
14433
14436
14437
14444
14445
14445
14448
14451
14453
14469
14474
14480
14484
14486
14489
14492
14496
14496
14499
14500
14502
14513
14522
14522
14523
14532
14536
14539
14541
14555
14559
14564
14578
14580
14585
14586
14588
14590
14599
14600
14608
14611
14616
14628
14630
14631
14633
14641
14642
14644
14654
14661
14667
14668
14669
14672
14673
14675
14683
14685
14693
14693
14695
14700
14701
14704
14704
14712
14721
14731
14738
14741
14742
14743
14744
14758
14759
14762
14763
14765
14770
14775
14783
14786
14794
14797
14803
14810
14813
14813
14814
14815
14820
14827
14827
14828
14832
14833
14836
14837
14845
14845
14845
14859
14860
14864
14870
14872
14875
14882
14882
14890
14893
14898
14913
14916
14927
14929
14929
14935
14936
14936
14941
14944
14947
14950
14950
14953
14961
14969
14974
14976
14977
14978
14982
15003
15005
15016
15023
15035
15048
15051
15057
15061
15062
15069
15071
15075
15078
15085
15085
15088
15093
15095
15097
15100
15107
15108
15111
15111
15113
15117
15118
15119
15120
15120
15123
15127
15129
15131
15131
15134
15134
15136
15142
15147
15148
15150
15152
15153
15153
15154
15156
15160
15161
15162
15169
15170
15175
15177
15186
15189
15191
15193
15194
15200
15205
15210
15211
15212
15223
15224
15224
15229
15231
15232
15232
15233
15237
15239
15247
15252
15256
15260
15264
15264
15265
15270
15274
15276
15283
15286
15291
15295
15298
15304
15305
15310
15316
15317
15317
15320
15322
15330
15330
15340
15341
15344
15362
15367
15368
15370
15373
15374
15379
15382
15384
15386
15389
15393
15394
15394
15398
15408
15410
15411
15417
15418
15425
15428
15440
15448
15451
15456
15458
15463
15463
15467
15470
15471
15481
15483
15488
15500
15505
15505
15510
15520
15525
15525
15525
15530
15541
15541
15549
15549
15550
15555
15556
15559
15561
15568
15570
15577
15584
15592
15595
15595
15600
15603
15613
15613
15614
15615
15616
15619
15627
15627
15630
15643
15648
15652
15653
15657
15671
15677
15677
15678
15684
15689
15692
15694
15694
15695
15701
15705
15709
15710
15721
15723
15726
15731
15739
15744
15773
15782
15784
15788
15791
15792
15792
15795
15799
15799
15803
15805
15813
15815
15815
15821
15825
15845
15853
15854
15855
15856
15858
15861
15865
15866
15874
15881
15882
15886
15887
15888
15892
15902
15903
15910
15925
15927
15927
15933
15935
15944
15946
15953
15954
15956
15958
15962
15968
15968
15976
15977
15982
15984
15992
15993
15996
15997
15998
16002
16004
16006
16011
16011
16011
16016
16023
16024
16026
16028
16035
16037
16037
16047
16058
16058
16060
16061
16066
16068
16070
16078
16084
16088
16090
16091
16094
16096
16098
16101
16102
16128
16129
16129
16133
16140
16144
16147
16149
16151
16152
16153
16161
16161
16169
16172
16177
16177
16178
16179
16185
16191
16197
16197
16208
16222
16223
16224
16227
16228
16229
16229
16237
16239
16242
16242
16242
16244
16254
16258
16259
16261
16262
16265
16267
16273
16276
16276
16286
16287
16288
16290
16290
16290
16295
16296
16300
16301
16302
16308
16312
16318
16319
16321
16323
16324
16328
16332
16343
16347
16349
16352
16359
16370
16372
16372
16373
16378
16389
16389
16391
16398
16411
16411
16412
16413
16413
16414
16416
16416
16419
16428
16430
16431
16431
16433
16436
16437
16446
16467
16473
16479
16481
16481
16484
16485
16486
16486
16490
16492
16495
16499
16508
16512
16518
16519
16524
16530
16530
16531
16545
16556
16560
16561
16564
16565
16568
16569
16571
16586
16590
16600
16609
16616
16620
16627
16627
16634
16636
16636
16642
16648
16652
16658
16659
16660
16662
16669
16671
16675
16677
16678
16684
16685
16690
16691
16699
16701
16704
16705
16705
16709
16711
16727
16728
16731
16734
16734
16755
16757
16759
16764
16766
16770
16776
16780
16780
16780
16781
16781
16795
16809
16812
16817
16827
16830
16831
16832
16847
16850
16857
16858
16862
16864
16867
16868
16877
16879
16879
16880
16884
16887
16896
16898
16899
16899
16913
16921
16929
16936
16943
16949
16966
16967
16973
16978
16978
16989
16990
16996
17002
17008
17013
17014
17014
17018
17026
17027
17027
17029
17031
17035
17036
17037
17040
17042
17064
17070
17081
17083
17083
17085
17088
17099
17100
17102
17104
17107
17109
17118
17123
17141
17141
17145
17148
17152
17159
17170
17180
17188
17189
17193
17202
17205
17216
17219
17220
17228
17228
17239
17243
17248
17248
17251
17256
17257
17257
17260
17264
17265
17270
17274
17278
17281
17284
17292
17293
17295
17297
17297
17300
17306
17307
17308
17312
17312
17313
17318
17322
17322
17329
17339
17340
17341
17342
17344
17348
17351
17354
17359
17365
17379
17385
17394
17395
17400
17404
17409
17417
17417
17418
17423
17425
17427
17433
17433
17435
17442
17445
17448
17452
17454
17455
17459
17459
17460
17477
17481
17482
17485
17486
17490
17493
17494
17501
17502
17508
17510
17510
17514
17519
17520
17520
17533
17534
17542
17543
17545
17549
17549
17550
17560
17562
17581
17582
17583
17584
17584
17589
17594
17594
17613
17617
17619
17620
17637
17642
17642
17645
17645
17656
17661
17664
17665
17667
17675
17676
17676
17677
17680
17683
17686
17687
17690
17701
17705
17724
17725
17726
17740
17742
17746
17747
17749
17752
17753
17756
17757
17759
17761
17775
17776
17781
17784
17787
17792
17794
17808
17818
17819
17820
17822
17823
17825
17827
17832
17839
17846
17847
17850
17852
17853
17856
17858
17858
17860
17860
17864
17865
17868
17870
17872
17874
17874
17875
17877
17881
17883
17885
17887
17892
17893
17898
17899
17902
17906
17913
17915
17917
17920
17931
17934
17949
17952
17956
17957
17964
17964
17964
17974
17982
17983
17989
17994
17997
18000
18001
18006
18006
18006
18011
18013
18014
18016
18026
18027
18034
18044
18048
18049
18056
18057
18063
18067
18070
18077
18079
18085
18088
18093
18102
18105
18107
18111
18115
18117
18119
18120
18124
18124
18127
18128
18132
18140
18141
18143
18148
18155
18158
18163
18168
18171
18172
18174
18180
18182
18183
18191
18191
18196
18197
18198
18200
18206
18220
18231
18231
18231
18231
18235
18240
18243
18250
18253
18253
18253
18256
18257
18263
18266
18275
18286
18288
18288
18294
18310
18315
18323
18329
18335
18342
18348
18350
18356
18362
18365
18372
18378
18387
18395
18398
18398
18400
18410
18412
18423
18423
18424
18424
18427
18432
18440
18444
18448
18449
18453
18453
18464
18469
18473
18473
18473
18473
18475
18483
18488
18489
18490
18495
18496
18497
18501
18508
18514
18517
18517
18519
18525
18533
18535
18536
18539
18544
18545
18551
18553
18553
18554
18562
18569
18570
18571
18578
18579
18581
18583
18584
18589
18597
18605
18610
18612
18613
18614
18616
18619
18620
18628
18631
18634
18651
18655
18656
18660
18675
18679
18686
18697
18704
18711
18726
18730
18736
18738
18743
18746
18746
18747
18754
18755
18755
18761
18762
18764
18766
18769
18771
18775
18778
18781
18784
18784
18797
18799
18800
18806
18807
18824
18825
18826
18827
18829
18833
18844
18848
18849
18852
18852
18856
18873
18876
18880
18880
18891
18894
18902
18903
18904
18906
18919
18920
18923
18923
18925
18929
18931
18939
18948
18949
18955
18956
18959
18962
18966
18970
18970
18972
18972
18972
18984
19004
19012
19013
19014
19014
19018
19020
19024
19026
19030
19032
19036
19037
19037
19039
19040
19059
19064
19066
19066
19067
19069
19071
19073
19073
19075
19079
19084
19084
19084
19085
19086
19088
19088
19094
19104
19112
19114
19114
19115
19129
19134
19135
19136
19150
19151
19161
19166
19168
19168
19172
19179
19179
19182
19183
19199
19212
19212
19216
19217
19218
19222
19226
19229
19231
19236
19237
19238
19238
19246
19247
19255
19259
19264
19264
19264
19267
19272
19276
19276
19278
19284
19286
19292
19296
19298
19302
19303
19303
19306
19310
19315
19318
19319
19323
19325
19338
19340
19341
19342
19355
19358
19361
19372
19375
19375
19375
19379
19379
19385
19389
19390
19390
19391
19392
19398
19412
19413
19417
19422
19424
19425
19425
19429
19438
19448
19448
19455
19465
19465
19466
19470
19486
19495
19496
19502
19504
19507
19510
19528
19529
19530
19541
19548
19557
19569
19573
19575
19577
19579
19581
19584
19587
19587
19588
19592
19592
19593
19600
19604
19604
19608
19609
19610
19618
19630
19632
19638
19641
19647
19656
19656
19656
19659
19662
19672
19676
19679
19681
19696
19697
19701
19706
19708
19709
19710
19710
19714
19717
19737
19738
19740
19741
19747
19748
19771
19775
19776
19779
19781
19786
19794
19798
19801
19811
19813
19824
19824
19827
19829
19832
19837
19837
19844
19848
19857
19862
19870
19870
19872
19873
19881
19885
19886
19886
19887
19888
19904
19908
19909
19916
19921
19924
19925
19929
19932
19932
19946
19949
19952
19954
19957
19961
19968
19974
19979
19993
19997
19997
20004
20004
20007
20009
20015
20016
20020
20022
20027
20031
20035
20036
20039
20041
20041
20042
20044
20045
20048
20049
20060
20064
20066
20067
20068
20072
20083
20085
20089
20096
20097
20098
20100
20110
20111
20114
20118
20122
20126
20127
20129
20132
20136
20136
20140
20145
20146
20147
20153
20161
20163
20168
20170
20172
20176
20179
20182
20184
20184
20186
20198
20200
20204
20210
20210
20212
20226
20240
20246
20251
20255
20261
20266
20267
20274
20282
20290
20292
20299
20315
20322
20328
20332
20336
20336
20338
20339
20353
20354
20358
20358
20359
20360
20366
20368
20368
20374
20375
20385
20393
20402
20405
20406
20407
20408
20417
20421
20426
20426
20427
20427
20432
20435
20442
20447
20452
20477
20484
20488
20489
20490
20500
20500
20502
20505
20516
20521
20523
20524
20529
20534
20536
20537
20543
20547
20547
20560
20561
20567
20568
20570
20570
20575
20587
20594
20609
20611
20611
20617
20623
20623
20631
20632
20642
20648
20651
20652
20652
20657
20658
20659
20662
20664
20669
20671
20673
20689
20693
20702
20703
20704
20708
20709
20710
20714
20717
20723
20739
20741
20742
20747
20748
20749
20753
20760
20771
20777
20778
20784
20790
20796
20797
20797
20804
20805
20805
20808
20808
20819
20823
20824
20828
20833
20833
20838
20839
20841
20842
20844
20847
20855
20856
20858
20860
20865
20873
20880
20881
20885
20901
20906
20916
20917
20925
20934
20934
20939
20939
20949
20953
20957
20964
20967
20983
20988
20991
21000
21004
21011
21011
21021
21023
21026
21027
21028
21034
21035
21039
21044
21044
21047
21048
21055
21056
21059
21059
21060
21064
21068
21071
21073
21075
21075
21076
21076
21077
21077
21080
21081
21098
21100
21103
21104
21104
21107
21109
21111
21113
21113
21115
21117
21119
21122
21126
21127
21131
21131
21133
21134
21139
21141
21148
21148
21156
21157
21167
21171
21175
21184
21191
21191
21192
21194
21199
21203
21208
21210
21210
21216
21216
21219
21227
21234
21243
21244
21244
21248
21251
21256
21256
21257
21257
21261
21267
21269
21270
21272
21272
21290
21299
21300
21304
21306
21308
21310
21313
21314
21315
21320
21321
21321
21325
21326
21326
21332
21335
21340
21346
21349
21359
21373
21374
21381
21389
21389
21399
21411
21413
21419
21422
21424
21425
21428
21428
21431
21440
21443
21445
21448
21452
21459
21460
21467
21467
21473
21475
21478
21480
21482
21491
21498
21500
21503
21513
21527
21528
21528
21533
21535
21537
21540
21546
21548
21561
21565
21572
21577
21577
21583
21584
21587
21589
21597
21602
21603
21603
21604
21608
21617
21623
21626
21638
21640
21649
21650
21655
21661
21662
21663
21664
21671
21677
21683
21698
21699
21701
21706
21708
21716
21720
21723
21724
21726
21735
21738
21759
21759
21765
21767
21772
21773
21774
21778
21783
21785
21788
21795
21797
21799
21802
21807
21809
21810
21810
21811
21827
21829
21829
21830
21830
21831
21838
21840
21845
21851
21852
21853
21854
21855
21855
21867
21874
21895
21901
21903
21910
21911
21912
21913
21915
21921
21923
21930
21931
21932
21934
21935
21936
21939
21943
21946
21947
21961
21965
21970
21972
21973
21974
21975
21979
21983
21985
21992
21992
21994
22005
22012
22013
22019
22020
22036
22060
22063
22071
22077
22078
22081
22084
22084
22088
22088
22091
22103
22106
22110
22119
22133
22135
22139
22148
22150
22157
22180
22182
22187
22188
22190
22192
22194
22197
22214
22215
22222
22225
22231
22232
22234
22235
22239
22242
22255
22257
22262
22262
22264
22267
22269
22276
22283
22286
22287
22291
22295
22297
22308
22308
22315
22318
22318
22325
22326
22326
22327
22327
22332
22334
22356
22357
22364
22373
22375
22383
22383
22390
22407
22411
22413
22414
22420
22433
22442
22451
22453
22457
22457
22460
22460
22462
22464
22466
22469
22470
22471
22474
22478
22479
22479
22484
22484
22485
22489
22493
22493
22499
22502
22504
22506
22513
22518
22520
22521
22522
22524
22526
22526
22527
22533
22534
22537
22549
22552
22554
22555
22555
22558
22570
22572
22577
22580
22581
22584
22588
22589
22594
22605
22611
22613
22617
22623
22624
22625
22628
22630
22631
22633
22635
22639
22643
22643
22644
22652
22656
22659
22663
22664
22664
22665
22666
22670
22677
22680
22682
22699
22702
22704
22708
22709
22709
22723
22733
22733
22737
22746
22762
22763
22763
22772
22779
22786
22790
22790
22803
22804
22810
22812
22812
22813
22816
22819
22824
22826
22828
22830
22838
22840
22843
22856
22862
22864
22869
22873
22886
22887
22887
22895
22898
22898
22900
22901
22902
22904
22918
22919
22931
22932
22934
22941
22946
22954
22963
22966
22976
22977
22981
22987
22990
22990
22993
22994
22996
23002
23018
23018
23032
23033
23039
23040
23040
23042
23042
23048
23054
23063
23066
23068
23071
23074
23075
23075
23077
23084
23097
23113
23116
23119
23127
23129
23136
23137
23137
23139
23140
23143
23144
23145
23146
23148
23148
23148
23151
23152
23164
23164
23178
23181
23182
23183
23184
23191
23192
23194
23199
23199
23216
23227
23228
23233
23236
23247
23255
23255
23258
23267
23269
23269
23271
23274
23274
23285
23285
23286
23304
23304
23307
23314
23317
23322
23328
23329
23330
23331
23347
23347
23348
23349
23352
23356
23357
23361
23362
23369
23373
23374
23375
23382
23385
23391
23397
23399
23401
23401
23403
23408
23411
23416
23417
23417
23420
23433
23435
23437
23447
23447
23451
23451
23460
23466
23467
23469
23474
23478
23485
23492
23495
23500
23502
23510
23514
23516
23518
23519
23525
23527
23528
23531
23533
23538
23541
23545
23550
23552
23554
23554
23555
23556
23559
23560
23566
23569
23576
23576
23578
23581
23587
23587
23599
23604
23605
23607
23609
23618
23619
23621
23621
23625
23640
23648
23650
23664
23671
23674
23678
23684
23689
23696
23701
23706
23709
23712
23715
23718
23722
23723
23727
23727
23730
23734
23742
23759
23760
23774
23777
23778
23788
23793
23794
23794
23804
23804
23804
23806
23806
23806
23809
23813
23822
23828
23831
23840
23840
23841
23842
23842
23847
23852
23852
23856
23862
23873
23873
23875
23895
23902
23904
23905
23907
23909
23911
23916
23918
23918
23920
23921
23922
23929
23931
23932
23932
23932
23934
23937
23938
23944
23945
23959
23966
23966
23968
23990
23999
24008
24011
24012
24016
24019
24020
24024
24026
24030
24036
24038
24040
24052
24062
24064
24071
24072
24074
24075
24083
24084
24088
24091
24096
24106
24108
24121
24125
24126
24126
24127
24139
24139
24141
24144
24157
24161
24161
24167
24169
24169
24171
24172
24173
24177
24179
24185
24185
24187
24191
24195
24197
24201
24205
24215
24226
24235
24236
24241
24246
24249
24250
24255
24255
24255
24259
24261
24270
24270
24275
24279
24283
24284
24288
24292
24294
24298
24309
24311
24321
24323
24324
24325
24329
24329
24329
24330
24344
24344
24346
24351
24359
24359
24367
24376
24378
24378
24391
24397
24417
24428
24433
24435
24442
24448
24450
24452
24455
24459
24464
24466
24468
24468
24470
24473
24482
24484
24486
24491
24497
24497
24499
24502
24504
24505
24508
24508
24509
24511
24520
24530
24531
24532
24536
24542
24543
24546
24558
24564
24565
24566
24566
24568
24578
24585
24589
24590
24592
24594
24595
24601
24612
24614
24614
24619
24620
24620
24621
24627
24631
24632
24633
24634
24636
24637
24648
24649
24650
24652
24660
24660
24665
24668
24680
24691
24697
24709
24710
24710
24715
24716
24716
24726
24727
24730
24734
24739
24740
24747
24747
24754
24762
24765
24774
24786
24787
24789
24790
24790
24793
24793
24802
24802
24804
24810
24816
24816
24817
24824
24843
24847
24849
24851
24854
24861
24863
24867
24872
24875
24890
24894
24901
24905
24906
24909
24912
24913
24925
24927
24936
24936
24937
24937
24942
24950
24951
24961
24967
24979
24989
24993
24995
25000
25000
25004
25010
25019
25019
25020
25029
25031
25032
25038
25039
25040
25044
25054
25057
25058
25061
25067
25069
25076
25081
25081
25086
25088
25101
25103
25104
25105
25106
25106
25111
25126
25129
25131
25142
25145
25145
25146
25148
25152
25155
25155
25157
25157
25168
25178
25179
25182
25183
25185
25185
25192
25198
25199
25209
25214
25222
25224
25227
25231
25233
25234
25239
25249
25249
25252
25254
25255
25257
25278
25279
25283
25287
25288
25293
25295
25308
25310
25312
25318
25319
25326
25327
25328
25338
25353
25357
25363
25374
25385
25385
25387
25388
25388
25392
25406
25413
25413
25415
25421
25423
25425
25427
25439
25445
25445
25458
25469
25474
25476
25476
25476
25479
25487
25487
25492
25493
25495
25519
25526
25541
25543
25544
25548
25549
25549
25556
25558
25559
25561
25563
25567
25571
25590
25597
25598
25602
25608
25613
25615
25616
25616
25618
25619
25623
25624
25626
25627
25628
25634
25647
25652
25654
25655
25655
25668
25670
25678
25680
25681
25688
25689
25690
25691
25693
25702
25706
25715
25718
25727
25729
25730
25736
25737
25741
25752
25755
25756
25758
25762
25766
25769
25777
25778
25781
25783
25784
25784
25793
25797
25800
25802
25807
25810
25812
25817
25818
25819
25820
25821
25821
25826
25833
25833
25835
25838
25844
25845
25847
25858
25873
25878
25879
25887
25889
25907
25907
25914
25915
25915
25915
25916
25917
25934
25935
25939
25945
25945
25952
25963
25965
25968
25975
25978
25980
25980
25983
25984
25986
26002
26003
26017
26024
26025
26026
26028
26031
26033
26036
26041
26045
26050
26052
26057
26065
26065
26066
26071
26076
26089
26095
26101
26105
26107
26113
26113
26115
26115
26121
26128
26134
26135
26136
26142
26144
26144
26155
26161
26162
26163
26164
26173
26173
26178
26190
26193
26193
26193
26199
26207
26207
26213
26216
26216
26217
26225
26234
26236
26238
26242
26246
26246
26251
26252
26259
26273
26275
26280
26281
26284
26286
26286
26288
26289
26292
26292
26293
26295
26296
26299
26300
26306
26313
26315
26318
26320
26321
26323
26323
26324
26333
26337
26339
26344
26347
26351
26351
26353
26357
26357
26360
26363
26365
26365
26368
26369
26370
26370
26372
26373
26375
26378
26381
26384
26385
26387
26394
26396
26400
26404
26406
26412
26417
26420
26422
26423
26429
26430
26430
26431
26447
26461
26465
26476
26478
26484
26486
26487
26487
26490
26490
26494
26499
26509
26525
26531
26535
26541
26543
26550
26552
26555
26558
26559
26560
26563
26564
26570
26571
26571
26574
26592
26601
26603
26606
26608
26613
26618
26634
26634
26637
26641
26642
26645
26654
26655
26657
26660
26660
26673
26676
26677
26679
26690
26691
26691
26697
26699
26701
26703
26705
26706
26712
26714
26717
26718
26720
26731
26739
26741
26741
26743
26743
26754
26760
26763
26770
26774
26777
26779
26779
26790
26798
26800
26810
26815
26831
26836
26842
26846
26851
26852
26852
26857
26861
26861
26871
26888
26890
26891
26908
26908
26910
26913
26921
26922
26925
26930
26930
26936
26937
26943
26948
26949
26950
26950
26953
26956
26964
26965
26966
26972
26978
26987
26999
26999
27000
27008
27009
27013
27016
27020
27031
27036
27039
27040
27041
27048
27048
27049
27057
27061
27065
27068
27071
27074
27076
27076
27081
27084
27085
27088
27091
27103
27109
27112
27122
27134
27145
27147
27150
27151
27152
27159
27166
27168
27172
27175
27178
27184
27196
27199
27204
27204
27208
27213
27218
27218
27219
27231
27232
27234
27235
27240
27241
27243
27249
27250
27255
27258
27267
27275
27276
27277
27279
27287
27297
27298
27299
27305
27310
27312
27315
27316
27321
27323
27324
27325
27328
27334
27340
27344
27352
27354
27354
27358
27362
27363
27373
27378
27395
27403
27407
27410
27422
27425
27431
27433
27440
27445
27448
27456
27457
27466
27467
27469
27476
27483
27485
27487
27488
27490
27496
27496
27497
27498
27500
27501
27512
27517
27520
27523
27527
27530
27535
27536
27538
27548
27549
27557
27558
27558
27559
27566
27573
27573
27579
27582
27585
27587
27588
27594
27600
27610
27621
27628
27630
27634
27637
27638
27640
27645
27646
27660
27662
27662
27668
27669
27681
27682
27684
27687
27689
27689
27692
27701
27701
27702
27706
27708
27709
27713
27714
27717
27718
27719
27722
27729
27735
27741
27743
27746
27756
27760
27765
27778
27780
27781
27782
27784
27786
27787
27788
27797
27800
27802
27805
27809
27811
27811
27812
27813
27818
27819
27821
27826
27826
27827
27832
27841
27842
27843
27851
27851
27855
27857
27861
27864
27865
27867
27872
27874
27877
27878
27884
27885
27889
27901
27905
27905
27906
27917
27918
27922
27922
27923
27933
27934
27944
27951
27957
27959
27967
27972
27973
27974
27977
27984
27998
28004
28012
28014
28016
28022
28023
28023
28023
28025
28025
28026
28029
28030
28032
28050
28054
28054
28060
28066
28070
28085
28089
28090
28092
28093
28096
28096
28096
28097
28103
28112
28116
28130
28143
28146
28146
28146
28148
28151
28151
28159
28164
28168
28168
28170
28170
28175
28181
28182
28185
28189
28189
28190
28191
28191
28193
28194
28195
28195
28198
28202
28213
28215
28216
28219
28219
28220
28223
28227
28228
28229
28238
28248
28250
28251
28260
28261
28261
28268
28270
28271
28274
28275
28278
28283
28291
28302
28308
28310
28315
28329
28332
28336
28339
28345
28347
28350
28353
28359
28361
28364
28364
28367
28369
28376
28377
28381
28385
28396
28398
28401
28408
28408
28409
28424
28425
28427
28428
28430
28437
28437
28439
28445
28447
28448
28450
28455
28459
28465
28473
28474
28478
28486
28487
28494
28496
28506
28510
28516
28518
28525
28532
28533
28535
28536
28537
28538
28547
28549
28550
28551
28557
28560
28560
28562
28562
28567
28568
28571
28580
28582
28589
28590
28591
28594
28595
28609
28610
28611
28614
28616
28618
28619
28619
28625
28628
28633
28633
28637
28637
28638
28644
28648
28652
28653
28659
28660
28662
28675
28680
28684
28687
28700
28708
28710
28711
28716
28726
28728
28731
28731
28733
28733
28740
28741
28742
28751
28763
28764
28771
28773
28774
28776
28777
28783
28785
28788
28801
28801
28805
28805
28808
28812
28815
28816
28826
28827
28828
28832
28839
28840
28841
28845
28846
28848
28852
28852
28854
28855
28858
28872
28873
28880
28884
28884
28893
28895
28899
28911
28913
28913
28915
28921
28925
28925
28947
28953
28954
28958
28959
28962
28965
28970
28975
28986
28994
28996
28997
29005
29008
29008
29012
29019
29024
29027
29028
29033
29036
29040
29041
29058
29059
29061
29065
29069
29070
29073
29081
29084
29085
29095
29096
29098
29105
29108
29109
29115
29125
29126
29143
29147
29148
29159
29162
29166
29169
29178
29187
29191
29194
29199
29201
29208
29209
29211
29212
29212
29212
29213
29225
29231
29232
29242
29242
29249
29255
29256
29257
29258
29260
29261
29263
29264
29264
29264
29266
29267
29269
29271
29272
29275
29278
29280
29286
29289
29291
29301
29301
29305
29306
29309
29312
29314
29318
29319
29321
29324
29326
29331
29332
29333
29335
29335
29337
29340
29342
29345
29350
29358
29361
29377
29379
29383
29392
29396
29396
29414
29420
29422
29424
29429
29430
29430
29436
29437
29440
29440
29453
29454
29463
29472
29483
29483
29489
29490
29491
29494
29495
29503
29506
29506
29508
29510
29520
29520
29528
29529
29535
29541
29543
29545
29556
29565
29572
29578
29581
29581
29583
29585
29587
29591
29594
29596
29596
29597
29606
29607
29615
29626
29627
29627
29628
29632
29633
29641
29643
29645
29649
29658
29658
29661
29665
29668
29671
29672
29674
29683
29690
29696
29699
29700
29702
29702
29702
29712
29718
29718
29725
29733
29736
29739
29742
29742
29745
29745
29751
29755
29757
29760
29760
29769
29770
29783
29787
29789
29798
29800
29801
29805
29810
29811
29813
29813
29815
29816
29816
29823
29825
29828
29829
29834
29835
29841
29842
29844
29846
29846
29853
29854
29855
29869
29873
29876
29878
29896
29897
29904
29912
29913
29915
29917
29919
29926
29927
29928
29929
29929
29932
29932
29935
29936
29941
29951
29956
29965
29973
29974
29978
29984
29988
29991
29994
29996
29996
30002
30012
30014
30015
30016
30018
30022
30024
30026
30027
30031
30033
30041
30041
30044
30062
30069
30071
30076
30083
30088
30095
30100
30101
30106
30116
30120
30124
30126
30129
30142
30144
30144
30148
30149
30149
30150
30150
30151
30154
30157
30157
30171
30172
30173
30173
30177
30178
30182
30182
30183
30184
30192
30193
30206
30209
30215
30219
30221
30223
30225
30226
30227
30244
30247
30248
30261
30262
30265
30269
30298
30301
30302
30307
30322
30332
30334
30342
30349
30356
30364
30373
30379
30381
30383
30399
30400
30401
30402
30405
30406
30411
30414
30423
30425
30433
30433
30440
30441
30443
30445
30446
30453
30456
30458
30459
30461
30462
30464
30465
30466
30467
30471
30473
30475
30491
30494
30496
30510
30511
30514
30518
30519
30520
30528
30532
30541
30550
30551
30556
30568
30570
30572
30572
30581
30586
30592
30594
30596
30606
30612
30620
30625
30629
30635
30637
30640
30643
30647
30650
30650
30660
30661
30662
30662
30674
30680
30686
30686
30686
30689
30696
30704
30707
30710
30712
30713
30713
30713
30719
30720
30722
30722
30727
30727
30731
30742
30753
30767
30767
30780
30786
30793
30796
30797
30802
30802
30804
30810
30812
30813
30816
30823
30825
30832
30834
30834
30834
30835
30841
30842
30847
30849
30853
30854
30881
30884
30884
30888
30889
30895
30898
30900
30901
30910
30915
30915
30916
30920
30921
30923
30925
30929
30930
30931
30936
30938
30938
30941
30946
30950
30956
30959
30959
30961
30961
30962
30963
30965
30975
30975
30984
30984
30984
30986
30995
30999
31010
31010
31012
31014
31024
31026
31031
31036
31040
31041
31047
31051
31051
31052
31052
31055
31063
31064
31066
31078
31082
31097
31098
31098
31111
31115
31130
31132
31134
31136
31137
31148
31151
31152
31156
31156
31162
31163
31165
31173
31176
31178
31181
31186
31191
31192
31197
31204
31204
31206
31206
31207
31212
31223
31229
31230
31232
31235
31238
31239
31245
31249
31253
31253
31256
31260
31265
31265
31269
31270
31274
31274
31282
31282
31286
31288
31288
31290
31292
31297
31301
31305
31305
31312
31318
31334
31338
31350
31352
31352
31354
31358
31358
31361
31380
31380
31387
31391
31392
31394
31395
31397
31399
31403
31404
31408
31409
31410
31412
31422
31423
31429
31446
31452
31458
31467
31473
31475
31482
31485
31489
31500
31503
31508
31511
31513
31515
31518
31519
31521
31525
31531
31531
31533
31538
31539
31540
31544
31547
31548
31552
31557
31561
31562
31562
31566
31566
31572
31572
31575
31576
31580
31582
31585
31595
31596
31601
31609
31612
31620
31631
31636
31640
31647
31650
31650
31652
31663
31667
31673
31682
31684
31695
31706
31706
31716
31718
31726
31735
31740
31741
31744
31744
31751
31752
31754
31754
31755
31758
31760
31765
31767
31771
31778
31792
31793
31793
31794
31795
31797
31802
31805
31812
31816
31819
31819
31827
31830
31833
31834
31842
31848
31852
31853
31855
31863
31867
31871
31890
31892
31893
31893
31897
31918
31924
31926
31937
31937
31938
31952
31965
31976
31980
31984
31986
31989
31990
31990
31996
32001
32007
32012
32012
32014
32015
32018
32020
32022
32022
32022
32024
32028
32030
32030
32032
32033
32036
32037
32043
32049
32053
32060
32062
32066
32070
32075
32076
32076
32083
32093
32093
32095
32098
32101
32101
32110
32110
32118
32123
32125
32129
32131
32136
32149
32153
32153
32153
32154
32161
32162
32164
32168
32174
32176
32183
32186
32187
32188
32192
32192
32195
32198
32208
32209
32220
32221
32224
32227
32229
32232
32233
32234
32239
32240
32243
32244
32250
32250
32256
32273
32273
32278
32284
32291
32292
32295
32298
32302
32302
32303
32307
32321
32325
32331
32334
32334
32338
32342
32343
32344
32344
32348
32358
32373
32374
32381
32382
32386
32395
32399
32400
32415
32415
32416
32429
32429
32431
32435
32443
32445
32450
32459
32469
32474
32478
32480
32487
32487
32490
32492
32493
32493
32497
32499
32501
32507
32513
32517
32518
32524
32525
32526
32531
32541
32543
32545
32548
32549
32553
32567
32572
32581
32598
32604
32605
32606
32608
32614
32619
32630
32632
32640
32642
32654
32654
32656
32678
32684
32687
32689
32692
32694
32695
32698
32698
32700
32702
32722
32725
32727
32727
32741
32741
32743
32744
32753
32753
32759
32763
32763
32765
