101 2 1 4 5 3 0 6 4 7 9 
102 0 3 1 8 7 0 6 7 10 0 
103 1 2 3 0 5 8 9 10 5 4 
104 2 1 2 3 0 5 8 7 0 9 
105 3 2 3 0 5 8 8 10 5 4
106 5 3 0 4 7 9 1 2 3 0
107 2 1 4 5 3 0 6 4 7 9 
108 0 3 1 8 7 0 6 7 10 0 
109 1 2 3 0 5 8 9 10 5 4 
110 2 1 2 3 0 5 8 7 0 9 
111 2 1 4 5 3 0 6 4 7 9 
112 0 3 1 8 7 0 6 7 10 0 
113 1 2 3 0 5 8 9 10 5 4 
114 2 1 2 3 0 5 8 7 0 9 
115 3 2 3 0 5 8 8 10 5 4
116 5 3 0 4 7 9 1 2 3 0
117 2 1 4 5 3 0 6 4 7 9 
118 0 3 1 8 7 0 6 7 10 0 
119 1 2 3 0 5 8 9 10 5 4 
120 2 1 2 3 0 5 8 7 0 9 

